frame_index,sample_time_s,mission_elapsed_time_s,met_raw_text,met_parse_status,met_raw_unit,met_raw_value,met_si_value,met_variant,stage1_velocity_raw_text,stage1_velocity_parse_status,stage1_velocity_raw_unit,stage1_velocity_raw_value,stage1_velocity_si_value,stage1_velocity_variant,stage1_altitude_raw_text,stage1_altitude_parse_status,stage1_altitude_raw_unit,stage1_altitude_raw_value,stage1_altitude_si_value,stage1_altitude_variant,stage2_velocity_raw_text,stage2_velocity_parse_status,stage2_velocity_raw_unit,stage2_velocity_raw_value,stage2_velocity_si_value,stage2_velocity_variant,stage2_altitude_raw_text,stage2_altitude_parse_status,stage2_altitude_raw_unit,stage2_altitude_raw_value,stage2_altitude_si_value,stage2_altitude_variant
0,0.0,,,missing,,,,,,missing,,,,,,missing,,,,,,missing,,,,,,missing,,,,
120,2.0020141033114576,,,missing,,,,,,missing,,,,,,missing,,,,,,missing,,,,,,missing,,,,
240,4.004028206622915,,,missing,,,,,,missing,,,,,,missing,,,,,,missing,,,,,,missing,,,,
360,6.006042309934372,1.0,T+00:00:01,parsed,s,1.0,1.0,raw,"NEW GLENN 000,002 MPH VELOCITY",parsed,MPH,2.0,0.89408,raw,"000,056 NEW GLENN ALTITUDE FT",parsed,FT,56.0,17.0688,raw,"STAGE2 000,000 VELOCITY MPH",parsed,MPH,0.0,0.0,raw,"000,000 STAGE2 ALTITUDE",parsed,MI,0.0,0.0,raw
480,8.00805641324583,3.0,T+00:00:03,parsed,s,3.0,3.0,raw,"000,006 NEW GLENN MPH VELOCITY",parsed,MPH,6.0,2.68224,raw,"000,066 NEW GLENN ALTITUDE FT",parsed,FT,66.0,20.1168,raw,"STAGE2 000,000 VELOCITY MPH",parsed,MPH,0.0,0.0,raw,"STAGE2 000,000 ALTITUDE",parsed,MI,0.0,0.0,raw
599,9.99338706569636,5.0,T+00:00:05,parsed,s,5.0,5.0,raw,"000,012 NEW GLENN MPH VELOCITY",parsed,MPH,12.0,5.36448,raw,"000,092 NEW GLENN ALTITUDE",parsed,FT,92.0,28.041600000000003,raw,"STAGE2 000,000 VELOCITY MPH",parsed,MPH,0.0,0.0,raw,"STAGE2 000,000 ALTITUDE",parsed,MI,0.0,0.0,raw
719,11.995401169007817,7.0,T+00:00:07,parsed,s,7.0,7.0,raw,6L0'000 NEW GLENN MPH VELOCITY,parsed,MPH,0.0,0.0,raw,"000,138 NEW GLENN ALTITUDE FT",parsed,FT,138.0,42.0624,raw,"STAGE2 000,000 VELOCITY MPH",parsed,MPH,0.0,0.0,raw,"STAGE2 000,000 ALTITUDE",parsed,MI,0.0,0.0,raw
839,13.997415272319271,9.0,T+00:00:09,parsed,s,9.0,9.0,raw,"NEW GLENN 000,026 MPH VELOCITY",parsed,MPH,26.0,11.62304,raw,26L'000 NEW GLENN ALTITUDE,parsed,FT,0.0,0.0,raw,"STAGE2 000,000 VELOCITY MPH",parsed,MPH,0.0,0.0,raw,"STAGE2 000,000 ALTITUDE",parsed,MI,0.0,0.0,raw
959,15.999429375630733,11.0,T+00:00:11,parsed,s,11.0,11.0,raw,"000,033 NEW GLENN MPH VELOCITY",parsed,MPH,33.0,14.75232,raw,"000,286 NEW GLENN ALTITUDE FT",parsed,FT,286.0,87.17280000000001,raw,"STAGE2 000,000 VELOCITY MPH",parsed,MPH,0.0,0.0,raw,"STAGE2 000,000 ALTITUDE",parsed,MI,0.0,0.0,raw
1079,18.00144347894219,13.0,T+00:00:13,parsed,s,13.0,13.0,raw,"000,041 NEW GLENN MPH VELOCITY",parsed,MPH,41.0,18.32864,raw,"000,385 NEW GLENN ALTITUDE FT",parsed,FT,385.0,117.348,raw,"STAGE2 000,000 VELOCITY MPH",parsed,MPH,0.0,0.0,raw,"STAGE2 000,000 ALTITUDE",parsed,MI,0.0,0.0,raw
1199,20.003457582253645,15.0,T+00:00:15,parsed,s,15.0,15.0,raw,"000,049 NEW GLENN MPH VELOCITY",parsed,MPH,49.0,21.90496,raw,"000,520 NEW GLENN ALTITUDE FT",parsed,FT,520.0,158.496,raw,"STAGE2 000,000 VELOCITY MPH",parsed,MPH,0.0,0.0,raw,"STAGE2 000,000 ALTITUDE",parsed,MI,0.0,0.0,raw
1319,22.0054716855651,17.0,T+00:00:17,parsed,s,17.0,17.0,raw,"000,058 NEW GLENN MPH VELOCITY",parsed,MPH,58.0,25.92832,raw,"000,663 NEW GLENN ALTITUDE FT",parsed,FT,663.0,202.0824,raw,"STAGE2 000,000 VELOCITY MPH",parsed,MPH,0.0,0.0,raw,"STAGE2 000,000 ALTITUDE",parsed,MI,0.0,0.0,raw
1439,24.00748578887656,19.0,T+00:00:19,parsed,s,19.0,19.0,raw,"000,068 NEW GLENN MPH VELOCITY",parsed,MPH,68.0,30.39872,raw,"000,873 NEW GLENN ALTITUDE FT",parsed,FT,873.0,266.0904,raw,"STAGE2 000,000 VELOCITY MPH",parsed,MPH,0.0,0.0,raw,"STAGE2 000,000 ALTITUDE",parsed,MI,0.0,0.0,raw
1558,25.99281644132709,21.0,T+00:00:21,parsed,s,21.0,21.0,raw,"000,076 NEW GLENN MPH VELOCITY",parsed,MPH,76.0,33.97504,raw,"001,067 NEW GLENN ALTITUDE FT",parsed,FT,1067.0,325.2216,raw,"STAGE2 000,000 VELOCITY MPH",parsed,MPH,0.0,0.0,raw,"STAGE2 000,000 ALTITUDE",parsed,MI,0.0,0.0,raw
1678,27.994830544638543,23.0,T+00:00:23,parsed,s,23.0,23.0,raw,"000,087 NEW GLENN MPH VELOCITY",parsed,MPH,87.0,38.89248,raw,"001,286 NEW GLENN ALTITUDE FT",parsed,FT,1286.0,391.9728,raw,"STAGE2 000,000 VELOCITY MPH",parsed,MPH,0.0,0.0,raw,"000,000 STAGE2 ALTITUDE",parsed,MI,0.0,0.0,raw
1798,29.99684464795001,25.0,T+00:00:25,parsed,s,25.0,25.0,raw,"000,097 NEW GLENN MPH VELOCITY",parsed,MPH,97.0,43.36288,raw,"001,562 NEW GLENN ALTITUDE FT",parsed,FT,1562.0,476.0976,raw,"000,000 STAGE2 VELOCITY MPH",parsed,MPH,0.0,0.0,raw,"STAGE2 000,000 ALTITUDE",parsed,MI,0.0,0.0,raw
1918,31.998858751261466,27.0,T+00:00:27,parsed,s,27.0,27.0,raw,"000,108 NEW GLENN MPH VELOCITY",parsed,MPH,108.0,48.28032,raw,"001,872 NEW GLENN ALTITUDE",parsed,FT,1872.0,570.5856,raw,"STAGE2 000,000 VELOCITY MPH",parsed,MPH,0.0,0.0,raw,"000,000 STAGE2 ALTITUDE",parsed,MI,0.0,0.0,raw
2038,34.00087285457292,28.0,T+00:00:28,parsed,s,28.0,28.0,raw,"000,113 NEW GLENN MPH VELOCITY",parsed,MPH,113.0,50.51552,raw,"001,983 NEW GLENN FT ALTITUDE",parsed,FT,1983.0,604.4184,raw,"STAGE2 000,000 VELOCITY MPH",parsed,MPH,0.0,0.0,raw,"000,000 STAGE2 ALTITUDE",parsed,MI,0.0,0.0,raw
2158,36.00288695788438,29.0,T+00:00:29,parsed,s,29.0,29.0,raw,"000,123 NEW GLENN MPH VELOCITY",parsed,MPH,123.0,54.98592,raw,"002,258 NEW GLENN ALTITUDE FT",parsed,FT,2258.0,688.2384000000001,raw,"STAGE2 000,000 VELOCITY MPH",parsed,MPH,0.0,0.0,raw,"STAGE2 000,000 ALTITUDE",parsed,MI,0.0,0.0,raw
2278,38.00490106119583,29.0,T+00:00:29,parsed,s,29.0,29.0,raw,"000,123 NEW GLENN MPH VELOCITY",parsed,MPH,123.0,54.98592,raw,"002,258 NEW GLENN ALTITUDE FT",parsed,FT,2258.0,688.2384000000001,raw,"STAGE2 000,000 VELOCITY MPH",parsed,MPH,0.0,0.0,raw,"STAGE2 000,000 ALTITUOE",parsed,MI,0.0,0.0,raw
2398,40.00691516450729,34.59458567037187,T+00:00:29,missing,,,34.59458567037187,raw,"000,123 NEW GLENN MPH VELOCITY",parsed,MPH,123.0,54.98592,raw,"002,258 NEW GLENN ALTITUDE FT",parsed,FT,2258.0,688.2384000000001,raw,"STAGE2 000,000 VELOCITY MPH",parsed,MPH,0.0,0.0,raw,"STAGE2 000,000 ALTITUDE",parsed,MI,0.0,0.0,raw
2517,41.99224581695782,36.5799163228224,T+00:00:29,missing,,,36.5799163228224,raw,"000,123 NEW GLENN MPH VELOCITY",parsed,MPH,123.0,54.98592,raw,"002,258 NEW GLENN ALTITUDE FT",parsed,FT,2258.0,688.2384000000001,raw,"STAGE2 000,000 MPH VELOCITY",parsed,MPH,0.0,0.0,raw,"STAGE2 000,000 ALTITUDE",parsed,MI,0.0,0.0,raw
2637,43.99425992026928,38.58193042613386,T+00:00:29,missing,,,38.58193042613386,raw,"000,123 NEW GLENN MPH VELOCITY",parsed,MPH,123.0,54.98592,raw,"002,258 NEW GLENN ALTITUDE FT",parsed,FT,2258.0,688.2384000000001,raw,"STAGE2 000,000 VELDCITY MPH",parsed,MPH,0.0,0.0,raw,"STAGE2 000,000 ALTITUDE",parsed,MI,0.0,0.0,raw
2757,45.99627402358073,40.58394452944531,T+00:00:29,missing,,,40.58394452944531,raw,"000,123 NEW GLENN MPH VELOCITY",parsed,MPH,123.0,54.98592,raw,"002,258 NEW GLENN ALTITUDE FT",parsed,FT,2258.0,688.2384000000001,raw,"STAGE2 000,000 VELDCITY MPH",parsed,MPH,0.0,0.0,raw,"STAGE2 000,000 ALTITUDE",parsed,MI,0.0,0.0,raw
2877,47.99828812689219,42.58595863275677,T+00:00:29,missing,,,42.58595863275677,raw,"000,123 NEW GLENN MPH VELOCITY",parsed,MPH,123.0,54.98592,raw,"002,258 NEW GLENN ALTITUDE FT",parsed,FT,2258.0,688.2384000000001,raw,"000,000 STAGE2 VELOCITY MPH",parsed,MPH,0.0,0.0,raw,"STAGE2 000,000 ALTITUDE",parsed,MI,0.0,0.0,raw
2997,50.00030223020365,44.58797273606823,T+00:00:29,missing,,,44.58797273606823,raw,"000,123 NEW GLENN MPH VELOCITY",parsed,MPH,123.0,54.98592,raw,"002,258 NEW GLENN ALTITUDE FT",parsed,FT,2258.0,688.2384000000001,raw,"000,000 STAGE2 VELOCITY MPH",parsed,MPH,0.0,0.0,raw,"STAGE2 000,000 ALTITUDE",parsed,MI,0.0,0.0,raw
3117,52.00231633351511,47.0,T+00:00:47,parsed,s,47.0,47.0,raw,"000,257 NEW GLENN MPH VELOCITY",parsed,MPH,257.0,114.88928,raw,"006,892 NEW GLENN ALTITUDE FT",parsed,FT,6892.0,2100.6816,raw,"000,000 STAGE2 MPH VELOCITY",parsed,MPH,0.0,0.0,raw,"000,000 STAGE2 ALTITUDE",parsed,MI,0.0,0.0,raw
3237,54.00433043682656,50.0,T+00:00:50,parsed,s,50.0,50.0,raw,"000,277 NEW GLENN MPH VELOCITY",parsed,MPH,277.0,123.83008,raw,"007,658 NEW GLENN ALTITUDE FT",parsed,FT,7658.0,2334.1584000000003,raw,"STAGE2 000,000 MPH VELOCITY",parsed,MPH,0.0,0.0,raw,"STAGE2 000,000 ALTITUDE",parsed,MI,0.0,0.0,raw
3357,56.00634454013802,51.0,T+00:00:51,parsed,s,51.0,51.0,raw,562'000 NEW GLENN MPH VELOCITY,parsed,MPH,562.0,251.23648,raw,"008,384 NEW GLENN ALTITUDE FT",parsed,FT,8384.0,2555.4432,raw,"STAGE2 000,000 MPH VELOCITY",parsed,MPH,0.0,0.0,raw,"STAGE2 000,000 ALTITUDE",parsed,MI,0.0,0.0,raw
3476,57.99167519258855,54.0,T+00:00:54,parsed,s,54.0,54.0,raw,"000,317 NEW GLENN MPH VELOCITY",parsed,MPH,317.0,141.71168,raw,899'600 NEW GLENN ALTITUDE FT,parsed,FT,899.0,274.0152,raw,"STAGE2 000,000 VELOCITY MPH",parsed,MPH,0.0,0.0,raw,"000,000 STAGE2 ALTITUDE",parsed,MI,0.0,0.0,raw
3596,59.99368929590001,56.0,T+00:00:56,parsed,s,56.0,56.0,raw,"000,338 NEW GLENN MPH VELOCITY",parsed,MPH,338.0,151.09951999999998,raw,"010,179 NEW GLENN ALTITUDE FT",parsed,FT,10179.0,3102.5592,raw,"STAGE2 000,000 VELOCITY MPH",parsed,MPH,0.0,0.0,raw,"STAGE2 000,000 ALTITUDE",parsed,MI,0.0,0.0,raw
3716,61.995703399211465,58.0,T+00:00:58,parsed,s,58.0,58.0,raw,698'000 NEW GLENN MPH VELOCITY,parsed,MPH,698.0,312.03392,raw,"011,166 NEW GLENN ALTITUDE FT",parsed,FT,11166.0,3403.3968,raw,"STAGE2 000,000 VELOCITY MPH",parsed,MPH,0.0,0.0,raw,"STAGE2 000,000 ALTITUDE",parsed,MI,0.0,0.0,raw
3836,63.99771750252293,59.0,T+00:00:59,parsed,s,59.0,59.0,raw,"000,379 NEW GLENN MPH VELOCITY",parsed,MPH,379.0,169.42816,raw,"012,094 NEW GLENN ALTITUDE FT",parsed,FT,12094.0,3686.2512,raw,"STAGE2 000,000 VELOCITY MPH",parsed,MPH,0.0,0.0,raw,"STAGE2 000,000 ALTITUDE",parsed,MI,0.0,0.0,raw
3956,65.99973160583438,62.0,T+00:01:02,parsed,s,62.0,62.0,raw,"000,405 NEW GLENN MPH VELOCITY",parsed,MPH,405.0,181.0512,raw,"013,199 NEWGLENN FT ALTITUDE",parsed,FT,13199.0,4023.0552,raw,"STAGE2 000,000 VELOCITY MPH",parsed,MPH,0.0,0.0,raw,"STAGE2 000,000 ALTITUDE",parsed,MI,0.0,0.0,raw
4076,68.00174570914584,63.0,T+00:01:03,parsed,s,63.0,63.0,raw,"000,427 NEW GLENN MPH VELOCITY",parsed,MPH,427.0,190.88608,raw,"014,237 NEW GLENN ALTITUDE FT",parsed,FT,14237.0,4339.4376,raw,"STAGE2 000,000 VELOCITY MPH",parsed,MPH,0.0,0.0,raw,"STAGE2 000,000 ALTITUDE",parsed,MI,0.0,0.0,raw
4196,70.00375981245729,65.0,T+00:01:05,parsed,s,65.0,65.0,raw,"000,453 NEW GLENN MPH VELOCITY",parsed,MPH,453.0,202.50912,raw,"015,467 NEW GLENN ALTITUDE FT",parsed,FT,15467.0,4714.341600000001,raw,"STAGE2 000,000 VELOCITY MPH",parsed,MPH,0.0,0.0,raw,"STAGE2 000,000 ALTITUDE",parsed,MI,0.0,0.0,raw
4316,72.00577391576876,68.0,T+00:01:08,parsed,s,68.0,68.0,raw,"NEW GLENN 000,482 MPH VELOCITY",parsed,MPH,482.0,215.47328,raw,"NEW GLENN 016,913 ALTITUDE FT",parsed,FT,16913.0,5155.0824,raw,"STAGE2 000,000 VELOCITY MPH",parsed,MPH,0.0,0.0,raw,"STAGE2 000,000 ALTITUDE",parsed,MI,0.0,0.0,raw
4436,74.00778801908021,69.0,T+00:01:09,parsed,s,69.0,69.0,raw,"000,507 NEW GLENN MPH VELOCITY",parsed,MPH,507.0,226.64928,raw,"017,977 NEW GLENN ALTITUDE FT",parsed,FT,17977.0,5479.3896,raw,"STAGE2 000,000 VELOCITY MPH",parsed,MPH,0.0,0.0,raw,"STAGE2 000,000 ALTITUDE",parsed,MI,0.0,0.0,raw
4555,75.99311867153074,72.0,T+00:01:12,parsed,s,72.0,72.0,raw,689'000 NEW GLENN MPH VELOCITY,parsed,MPH,689.0,308.01056,raw,"NEW GLENN 019,572 ALTITUDE FT",parsed,FT,19572.0,5965.5456,raw,"000,000 STAGE2 VELOCITY MPH",parsed,MPH,0.0,0.0,raw,"000,000 STAGE2 ALTITUDE",parsed,MI,0.0,0.0,raw
4675,77.99513277484219,74.0,T+00:01:14,parsed,s,74.0,74.0,raw,69S'000 NEW GLENN MPH VELOCITY,parsed,MPH,0.0,0.0,raw,"021,085 NEW GLENN ALTITUDE FT",parsed,FT,21085.0,6426.7080000000005,raw,"STAGE2 000,000 VELOCITY MPH",parsed,MPH,0.0,0.0,raw,"000,000 STAGE2 ALTITUDE",parsed,MI,0.0,0.0,raw
4795,79.99714687815366,76.0,T+00:01:16,parsed,s,76.0,76.0,raw,"000,600 NEW GLENN MPH VELOCITY",parsed,MPH,600.0,268.224,raw,"022,493 NEW GLENN ALTITUDE FT",parsed,FT,22493.0,6855.866400000001,raw,"STAGE2 000,000 VELOCITY MPH",parsed,MPH,0.0,0.0,raw,"000,000 STAGE2 ALTITUDE",parsed,MI,0.0,0.0,raw
4915,81.99916098146511,77.0,T+00:01:17,parsed,s,77.0,77.0,raw,"000,630 NEW GLENN MPH VELOCITY",parsed,MPH,630.0,281.6352,raw,"023,961 NEW GLENN ALTITUDE FT",parsed,FT,23961.0,7303.312800000001,raw,"STAGE2 000,000 VELOCITY MPH",parsed,MPH,0.0,0.0,raw,"STAGE2 000,000 ALTITUDE",parsed,MI,0.0,0.0,raw
5035,84.00117508477656,80.0,T+00:01:20,parsed,s,80.0,80.0,raw,"000,667 NEW GLENN MPH VELOCITY",parsed,MPH,667.0,298.17568,raw,"025,882 NEW GLENN ALTITUDE FT",parsed,FT,25882.0,7888.833600000001,raw,"STAGE2 000,000 VELOCITY MPH",parsed,MPH,0.0,0.0,raw,"STAGE2 000,000 ALTITUDE",parsed,MI,0.0,0.0,raw
5155,86.00318918808803,81.0,T+00:01:21,parsed,s,81.0,81.0,raw,669'000 NEW GLENN MPH VELOCITY,parsed,MPH,669.0,299.06976,raw,"NEW GLENN 027,488 ALTITUDE FT",parsed,FT,27488.0,8378.3424,raw,"STAGE2 000,000 VELOCITY MPH",parsed,MPH,0.0,0.0,raw,"STAGE2 000,000 ALTITUDE",parsed,MI,0.0,0.0,raw
5275,88.00520329139948,83.0,T+00:01:23,parsed,s,83.0,83.0,raw,"000,735 NEW GLENN MPH VELOCITY",parsed,MPH,735.0,328.57439999999997,raw,"029,157 NEW GLENN ALTITUDE FT",parsed,FT,29157.0,8887.053600000001,raw,"STAGE2 000,000 VELOCITY MPH",parsed,MPH,0.0,0.0,raw,"000,000 STAGE2 ALTITUDE",parsed,MI,0.0,0.0,raw
5395,90.00721739471093,85.0,T+00:01:25,parsed,s,85.0,85.0,raw,"000,771 NEW GLENN MPH VELOCITY",parsed,MPH,771.0,344.66784,raw,"031,108 NEW GLENN ALTITUDE FT",parsed,FT,31108.0,9481.7184,raw,"STAGE2 000,000 VELOCITY MPH",parsed,MPH,0.0,0.0,raw,"000,000 STAGE2 ALTITUDE",parsed,MI,0.0,0.0,raw
5514,91.99254804716146,88.0,T+00:01:28,parsed,s,88.0,88.0,raw,"000,813 NEW GLENN MPH VELOCITY",parsed,MPH,813.0,363.44352,raw,"NEW GLENN 033,368 ALTITUDE FT",parsed,FT,33368.0,10170.5664,raw,"STAGE2 000,000 MPH VELOCITY",parsed,MPH,0.0,0.0,raw,"STAGE2 000,000 ALTITUDE",parsed,MI,0.0,0.0,raw
5634,93.99456215047292,89.0,T+00:01:29,parsed,s,89.0,89.0,raw,"000,848 NEW GLENN MPH VELOCITY",parsed,MPH,848.0,379.08992,raw,"035,010 NEW GLENN ALTITUDE FT",parsed,FT,35010.0,10671.048,raw,"STAGE2 000,000 MPH VELOCITY",parsed,MPH,0.0,0.0,raw,"STAGE2 000,000 ALTITUDE",parsed,MI,0.0,0.0,raw
5754,95.99657625378438,91.0,T+00:01:31,parsed,s,91.0,91.0,raw,688'000 NEW GLENN MPH VELOCITY,parsed,MPH,688.0,307.56352,raw,"037,195 NEW GLENN ALTITUDE FT",parsed,FT,37195.0,11337.036,raw,"STAGE2 000,000 VELOCITY MPH",parsed,MPH,0.0,0.0,raw,"STAGE2 000,000 ALTITUDE",parsed,MI,0.0,0.0,raw
5874,97.99859035709584,94.0,T+00:01:34,parsed,s,94.0,94.0,raw,586'000 NEW GLENN MPH VELOCITY,parsed,MPH,586.0,261.96544,raw,"NEW GLENN 039,722 ALTITUDE",parsed,FT,39722.0,12107.2656,raw,"STAGE2 000,000 VELOCITY MPH",parsed,MPH,0.0,0.0,raw,"STAGE2 000,000 ALTITUDE",parsed,MI,0.0,0.0,raw
5994,100.0006044604073,95.0,T+00:01:35,parsed,s,95.0,95.0,raw,"000,974 NEW GLENN MPH VELOCITY",parsed,MPH,974.0,435.41696,raw,"041,555 NEW GLENN ALTITUDE FT",parsed,FT,41555.0,12665.964,raw,"STAGE2 000,000 VELOCITY MPH",parsed,MPH,0.0,0.0,raw,"000,000 STAGE2 ALTITUDE",parsed,MI,0.0,0.0,raw
6114,102.00261856371876,97.0,T+00:01:37,parsed,s,97.0,97.0,raw,610'100 NEW GLENN MPH VELOCITY,parsed,MPH,610.0,272.6944,raw,"043,991 NEW GLENN ALTITUDE FT",parsed,FT,43991.0,13408.4568,raw,"STAGE2 000,000 VELOCITY MPH",parsed,MPH,0.0,0.0,raw,"000,000 STAGE2 ALTITUDE",parsed,MI,0.0,0.0,raw
6234,104.00463266703022,100.0,T+00:01:40,parsed,s,100.0,100.0,raw,"001,071 NEW GLENN MPH VELOCITY",parsed,MPH,1071.0,478.77984,raw,"046,801 NEW GLENN ALTITUDE FT",parsed,FT,46801.0,14264.9448,raw,"000,000 STAGE2 MPH VELOCITY",parsed,MPH,0.0,0.0,raw,"STAGE2 000,000 ALTITUDE",parsed,MI,0.0,0.0,raw
6354,106.00664677034167,101.0,T+00:01:41,parsed,s,101.0,101.0,raw,"001,115 NEW GLENN MPH VELOCITY",parsed,MPH,1115.0,498.4496,raw,"049,129 NEW GLENN ALTITUDE FT",parsed,FT,49129.0,14974.5192,raw,"STAGE2 000,000 VELOCITY MPH",parsed,MPH,0.0,0.0,raw,"STAGE2 000,000 ALTITUDE",parsed,MI,0.0,0.0,raw
6473,107.9919774227922,104.0,T+00:01:44,parsed,s,104.0,104.0,raw,"001,170 NEW GLENN MPH VELOCITY",parsed,MPH,1170.0,523.0368,raw,"051,832 NEW GLENN ALTITUDE",parsed,FT,51832.0,15798.3936,raw,"STAGE2 000,000 VELOCITY MPH",parsed,MPH,0.0,0.0,raw,"000,000 STAGE2 ALTITUDE",parsed,MI,0.0,0.0,raw
6593,109.99399152610366,105.0,T+00:01:45,parsed,s,105.0,105.0,raw,"001,217 NEW GLENN MPH VELOCITY",parsed,MPH,1217.0,544.04768,raw,"NEW GLENN 054,312 ALTITUDE",parsed,FT,54312.0,16554.2976,raw,"STAGE2 000,000 VELOCITY MPH",parsed,MPH,0.0,0.0,raw,"STAGE2 000,000 ALTITUDE",parsed,MI,0.0,0.0,raw
6713,111.99600562941512,108.0,T+00:01:48,parsed,s,108.0,108.0,raw,"001,276 NEW GLENN MPH VELOCITY",parsed,MPH,1276.0,570.42304,raw,"NEW GLENN 057,191 ALTITUDE FT",parsed,FT,57191.0,17431.8168,raw,"STAGE2 000,000 VELOCITY MPH",parsed,MPH,0.0,0.0,raw,"STAGE2 000,000 ALTITUDE",parsed,MI,0.0,0.0,raw
6833,113.99801973272658,110.0,T+00:01:50,parsed,s,110.0,110.0,raw,"001,332 NEW GLENN MPH VELOCITY",parsed,MPH,1332.0,595.45728,raw,"060,163 NEW GLENN ALTITUDE FT",parsed,FT,60163.0,18337.6824,raw,"STAGE2 000,000 VELOCITY MPH",parsed,MPH,0.0,0.0,raw,"STAGE2 000,000 ALTITUDE",parsed,MI,0.0,0.0,raw
6953,116.00003383603804,111.0,T+00:01:51,parsed,s,111.0,111.0,raw,"001,384 NEW GLENN MPH VELOCITY",parsed,MPH,1384.0,618.70336,raw,"062,883 NEW GLENN ALTITUDE FT",parsed,FT,62883.0,19166.7384,raw,"STAGE2 000,000 VELOCITY MPH",parsed,MPH,0.0,0.0,raw,"STAGE2 000,000 ALTITUDE",parsed,MI,0.0,0.0,raw
7073,118.0020479393495,114.0,T+00:01:54,parsed,s,114.0,114.0,raw,"001,450 NEW GLENN MPH VELOCITY",parsed,MPH,1450.0,648.208,raw,"066,388 NEW GLENN ALTITUDE FT",parsed,FT,66388.0,20235.062400000003,raw,"STAGE2 000,000 VELOCITY MPH",parsed,MPH,0.0,0.0,raw,"STAGE2 000,000 ALTITUDE",parsed,MI,0.0,0.0,raw
7193,120.00406204266096,116.0,T+00:01:56,parsed,s,116.0,116.0,raw,"001,511 NEW GLENN MPH VELOCITY",parsed,MPH,1511.0,675.47744,raw,"069,275 NEW GLENN ALTITUDE FT",parsed,FT,69275.0,21115.02,raw,"STAGE2 000,000 VELOCITY MPH",parsed,MPH,0.0,0.0,raw,"STAGE2 000,000 ALTITUDE",parsed,MI,0.0,0.0,raw
7313,122.0060761459724,117.0,T+00:01:57,parsed,s,117.0,117.0,raw,"001,568 NEW GLENN MPH VELOCITY",parsed,MPH,1568.0,700.95872,raw,"NEW GLENN 072,241 ALTITUDE FT",parsed,FT,72241.0,22019.0568,raw,"STAGE2 000,000 VELOCITY MPH",parsed,MPH,0.0,0.0,raw,"STAGE2 000,000 ALTITUDE",parsed,MI,0.0,0.0,raw
7433,124.00809024928388,119.0,T+00:01:59,parsed,s,119.0,119.0,raw,"001,633 NEW GLENN MPH VELOCITY",parsed,MPH,1633.0,730.01632,raw,"NEW GLENN 075,672 ALTITUDE FT",parsed,FT,75672.0,23064.8256,raw,"STAGE2 000,000 VELOCITY MPH",parsed,MPH,0.0,0.0,raw,"STAGE2 000,000 ALTITUDE",parsed,MI,0.0,0.0,raw
7552,125.9934209017344,121.0,T+00:02:01,parsed,s,121.0,121.0,raw,"001,698 NEW GLENN MPH VELOCITY",parsed,MPH,1698.0,759.07392,raw,"078,808 NEW GLENN ALTITUDE FT",parsed,FT,78808.0,24020.6784,raw,"STAGE2 000,000 VELOCITY MPH",parsed,MPH,0.0,0.0,raw,"STAGE2 000,000 ALTITUDE",parsed,MI,0.0,0.0,raw
7672,127.99543500504583,123.0,T+00:02:03,parsed,s,123.0,123.0,raw,"001,764 NEW GLENN MPH VELOCITY",parsed,MPH,1764.0,788.57856,raw,"NEW GLENN 082,433 ALTITUDE FT",parsed,FT,82433.0,25125.5784,raw,"STAGE2 000,000 VELOCITY MPH",parsed,MPH,0.0,0.0,raw,"000,000 STAGE2 ALTITUDE",parsed,MI,0.0,0.0,raw
7792,129.9974491083573,125.0,T+00:02:05,parsed,s,125.0,125.0,raw,"001,832 NEW GLENN MPH VELOCITY",parsed,MPH,1832.0,818.97728,raw,"NEW GLENN 085,741 ALTITUDE FT",parsed,FT,85741.0,26133.8568,raw,"STAGE2 000,000 VELOCITY MPH",parsed,MPH,0.0,0.0,raw,"STAGE2 000,000 ALTITUDE",parsed,MI,0.0,0.0,raw
7912,131.99946321166877,127.0,T+00:02:07,parsed,s,127.0,127.0,raw,668'100 NEW GLENN MPH VELOCITY,parsed,MPH,668.0,298.62272,raw,"089,559 NEWGLENN FT ALTITUDE",parsed,FT,89559.0,27297.5832,rescue:col_x3,"STAGE2 000,000 VELOCITY MPH",parsed,MPH,0.0,0.0,raw,"STAGE2 000,000 ALTITUDE",parsed,MI,0.0,0.0,raw
8032,134.0014773149802,129.0,T+00:02:09,parsed,s,129.0,129.0,raw,"001,975 NEW GLENN MPH VELOCITY",parsed,MPH,1975.0,882.904,raw,"093,481 NEW GLENN ALTITUDE FT",parsed,FT,93481.0,28493.008800000003,raw,"STAGE2 000,000 VELOCITY MPH",parsed,MPH,0.0,0.0,raw,"STAGE2 000,000 ALTITUDE",parsed,MI,0.0,0.0,raw
8152,136.00349141829167,131.0,T+00:02:11,parsed,s,131.0,131.0,raw,"002,049 NEW GLENN MPH VELOCITY",parsed,MPH,2049.0,915.98496,raw,"097,506 NEW GLENN ALTITUDE FT",parsed,FT,97506.0,29719.828800000003,raw,"000,000 STAGE2 VELOCITY MPH",parsed,MPH,0.0,0.0,raw,"STAGE2 000,000 ALTITUDE",parsed,MI,0.0,0.0,raw
8272,138.00550552160314,133.0,T+00:02:13,parsed,s,133.0,133.0,raw,"002,125 NEW GLENN MPH VELOCITY",parsed,MPH,2125.0,949.96,raw,"101,637 NEW GLENN ALTITUDE FT",parsed,FT,101637.0,30978.9576,raw,"STAGE2 000,000 VELOCITY MPH",parsed,MPH,0.0,0.0,raw,"STAGE2 000,000 ALTITUDE",parsed,MI,0.0,0.0,raw
8392,140.00751962491458,135.0,T+00:02:15,parsed,s,135.0,135.0,raw,"002,203 NEW GLENN MPH VELOCITY",parsed,MPH,2203.0,984.82912,raw,"105,399 NEWGLENN FT ALTITUDE",parsed,FT,105399.0,32125.6152,raw,"STAGE2 000,000 VELOCITY MPH",parsed,MPH,0.0,0.0,raw,"000,000 STAGE2 ALTITUDE",parsed,MI,0.0,0.0,raw
8511,141.9928502773651,137.0,T+00:02:17,parsed,s,137.0,137.0,raw,"002,283 NEW GLENN MPH VELOCITY",parsed,MPH,2283.0,1020.59232,raw,"109,733 NEW GLENN ALTITUDE FT",parsed,FT,109733.0,33446.6184,raw,"STAGE2 000,000 VELOCITY MPH",parsed,MPH,0.0,0.0,raw,"STAGE2 000,000 ALTITUDE",parsed,MI,0.0,0.0,raw
8631,143.99486438067655,140.0,T+00:02:20,parsed,s,140.0,140.0,raw,"002,369 NEW GLENN MPH VELOCITY",parsed,MPH,2369.0,1059.03776,raw,"NEW GLENN 113,678 ALTITUDE FT",parsed,FT,113678.0,34649.0544,raw,"STAGE2 000,000 VELOCITY MPH",parsed,MPH,0.0,0.0,raw,"STAGE2 000,000 ALTITUDE",parsed,MI,0.0,0.0,raw
8751,145.99687848398804,141.0,T+00:02:21,parsed,s,141.0,141.0,raw,"002,441 NEW GLENN MPH VELOCITY",parsed,MPH,2441.0,1091.22464,raw,"NEW GLENN 117,710 ALTITUDE FT",parsed,FT,117710.0,35878.008,raw,"STAGE2 000,000 VELOCITY MPH",parsed,MPH,0.0,0.0,raw,"000,000 STAGE2 ALTITUDE",parsed,MI,0.0,0.0,raw
8871,147.99889258729948,143.0,T+00:02:23,parsed,s,143.0,143.0,raw,"002,535 NEW GLENN MPH VELOCITY",parsed,MPH,2535.0,1133.2464,raw,"122,875 NEW GLENN ALTITUDE FT",parsed,FT,122875.0,37452.3,raw,"000,000 STAGE2 VELOCITY MPH",parsed,MPH,0.0,0.0,raw,"STAGE2 000,000 ALTITUDE",parsed,MI,0.0,0.0,raw
8991,150.00090669061095,146.0,T+00:02:26,parsed,s,146.0,146.0,raw,"002,632 NEW GLENN MPH VELOCITY",parsed,MPH,2632.0,1176.60928,raw,"128,180 NEW GLENN ALTITUDE FT",parsed,FT,128180.0,39069.264,raw,"000,000 STAGE2 VELOCITY MPH",parsed,MPH,0.0,0.0,raw,"STAGE2 000,000 ALTITUDE",parsed,MI,0.0,0.0,raw
9111,152.0029207939224,147.0,T+00:02:27,parsed,s,147.0,147.0,raw,"002,714 NEW GLENN MPH VELOCITY",parsed,MPH,2714.0,1213.26656,raw,"NEW GLENN 132,527 ALTITUDE FT",parsed,FT,132527.0,40394.2296,raw,"STAGE2 000,000 VELOCITY MPH",parsed,MPH,0.0,0.0,raw,"STAGE2 000,000 ALTITUDE",parsed,MI,0.0,0.0,raw
9231,154.00493489723385,150.0,T+00:02:30,parsed,s,150.0,150.0,raw,"002,816 NEW GLENN MPH VELOCITY",parsed,MPH,2816.0,1258.86464,raw,"137,528 NEW GLENN ALTITUDE FT",parsed,FT,137528.0,41918.5344,raw,"STAGE2 000,000 VELOCITY MPH",parsed,MPH,0.0,0.0,raw,"STAGE2 000,000 ALTITUDE",parsed,MI,0.0,0.0,raw
9351,156.00694900054532,151.0,T+00:02:31,parsed,s,151.0,151.0,raw,"002,901 NEW GLENN MPH VELOCITY",parsed,MPH,2901.0,1296.86304,raw,"142,073 NEW GLENN ALTITUDE FT",parsed,FT,142073.0,43303.8504,raw,"STAGE2 000,000 VELOCITY MPH",parsed,MPH,0.0,0.0,raw,"STAGE2 000,000 ALTITUDE",parsed,MI,0.0,0.0,raw
9470,157.99227965299585,154.0,T+00:02:34,parsed,s,154.0,154.0,raw,"003,008 NEW GLENN MPH VELOCITY",parsed,MPH,3008.0,1344.69632,raw,"NEW GLENN 147,301 ALTITUDE FT",parsed,FT,147301.0,44897.3448,raw,"STAGE2 000,000 VELOCITY MPH",parsed,MPH,0.0,0.0,raw,"STAGE2 000,000 ALTITUDE",parsed,MI,0.0,0.0,raw
9590,159.99429375630731,156.0,T+00:02:36,parsed,s,156.0,156.0,raw,"003,108 NEW GLENN MPH VELOCITY",parsed,MPH,3108.0,1389.40032,raw,"152,653 NEW GLENN ALTITUDE FT",parsed,FT,152653.0,46528.6344,raw,"STAGE2 000,000 MPH VELOCITY",parsed,MPH,0.0,0.0,raw,"STAGE2 000,000 ALTITUDE",parsed,MI,0.0,0.0,raw
9710,161.99630785961875,158.0,T+00:02:38,parsed,s,158.0,158.0,raw,"003,210 NEW GLENN MPH VELOCITY",parsed,MPH,3210.0,1434.9984,raw,"NEW GLENN 158,131 ALTITUDE",parsed,FT,158131.0,48198.3288,raw,"STAGE2 000,000 VELOCITY MPH",parsed,MPH,0.0,0.0,raw,"STAGE2 000,000 ALTITUDE",parsed,MI,0.0,0.0,raw
9830,163.99832196293022,160.0,T+00:02:40,parsed,s,160.0,160.0,raw,"003,315 NEW GLENN MPH VELOCITY",parsed,MPH,3315.0,1481.9376,raw,"NEW GLENN 163,739 ALTITUDE FT",parsed,FT,163739.0,49907.6472,raw,"STAGE2 000,000 VELOCITY MPH",parsed,MPH,0.0,0.0,raw,"STAGE2 000,000 ALTITUDE",parsed,MI,0.0,0.0,raw
9950,166.0003360662417,161.0,T+00:02:41,parsed,s,161.0,161.0,raw,"003,411 NEW GLENN MPH VELOCITY",parsed,MPH,3411.0,1524.85344,raw,"168,193 NEW GLENN ALTITUDE FT",parsed,FT,168193.0,51265.2264,raw,"STAGE2 000,000 VELOCITY MPH",parsed,MPH,0.0,0.0,raw,"STAGE2 000,000 ALTITUDE",parsed,MI,0.0,0.0,raw
10070,168.00235016955313,163.0,T+00:02:43,parsed,s,163.0,163.0,raw,"NEW GLENN 003,520 MPH VELOCITY",parsed,MPH,3520.0,1573.5808,raw,"NEW GLENN 174,039 ALTITUDE FT",parsed,FT,174039.0,53047.0872,raw,"STAGE2 000,000 VELOCITY MPH",parsed,MPH,0.0,0.0,raw,"STAGE2 000,000 ALTITUDE",parsed,MI,0.0,0.0,raw
10190,170.0043642728646,165.0,T+00:02:45,parsed,s,165.0,165.0,raw,"003,633 NEW GLENN MPH VELOCITY",parsed,MPH,3633.0,1624.09632,raw,"NEW GLENN 180,022 ALTITUDE",parsed,FT,180022.0,54870.7056,raw,"STAGE2 000,000 VELOCITY MPH",parsed,MPH,0.0,0.0,raw,"STAGE2 000,000 ALTITUDE",parsed,MI,0.0,0.0,raw
10310,172.00637837617606,167.0,T+00:02:47,parsed,s,167.0,167.0,raw,"003,748 NEW GLENN MPH VELOCITY",parsed,MPH,3748.0,1675.50592,raw,"185,460 NEW GLENN ALTITUDE FT",parsed,FT,185460.0,56528.208000000006,raw,"000,000 STAGE2 VELOCITY MPH",parsed,MPH,0.0,0.0,raw,"000,000 STAGE2 ALTITUDE",parsed,MI,0.0,0.0,raw
10429,173.9917090286266,169.0,T+00:02:49,parsed,s,169.0,169.0,raw,"003,866 NEW GLENN MPH VELOCITY",parsed,MPH,3866.0,1728.25664,raw,"191,713 NEW GLENN ALTITUDE FT",parsed,FT,191713.0,58434.1224,raw,"STAGE2 000,000 VELOCITY MPH",parsed,MPH,0.0,0.0,raw,"000,000 STAGE2 ALTITUDE",parsed,MI,0.0,0.0,raw
10549,175.99372313193803,171.0,T+00:02:51,parsed,s,171.0,171.0,raw,"003,986 NEW GENN MPH VELOCMY",parsed,MPH,3986.0,1781.9014399999999,rescue:adapt_b21,"198,115 NEW GLENN ALTITUDE FT",parsed,FT,198115.0,60385.452000000005,raw,"STAGE2 000,000 VELOCITY MPH",parsed,MPH,0.0,0.0,raw,"000,000 STAGE2 ALTITUDE",parsed,MI,0.0,0.0,raw
10669,177.9957372352495,174.0,T+00:02:54,parsed,s,174.0,174.0,raw,"004,123 NEW GLENN MPH VELOCITY",parsed,MPH,4123.0,1843.14592,raw,"NEW GLENN 204,669 ALTITUDE FT",parsed,FT,204669.0,62383.11120000001,raw,"000,000 STAGE2 VELOCITY MPH",parsed,MPH,0.0,0.0,raw,"STAGE2 000,000 ALTITUDE",parsed,MI,0.0,0.0,raw
10789,179.99775133856096,175.0,T+00:02:55,parsed,s,175.0,175.0,raw,"004,237 NEW GLENN MPH VELOCITY",parsed,MPH,4237.0,1894.10848,raw,"NEW GLENN 210,626 ALTITUDE FT",parsed,FT,210626.0,64198.804800000005,raw,"000,000 STAGE2 VELOCITY MPH",parsed,MPH,0.0,0.0,raw,"STAGE2 000,000 ALTITUDE",parsed,MI,0.0,0.0,raw
10909,181.9997654418724,178.0,T+00:02:58,parsed,s,178.0,178.0,raw,"004,381 NEW GLENN MPH VELOCITY",parsed,MPH,4381.0,1958.48224,raw,"NEW GLENN 218,251 ALTITUDE FT",parsed,FT,218251.0,66522.9048,raw,"000,000 STAGE2 VELOCITY MPH",parsed,MPH,0.0,0.0,raw,"000,000 STAGE2 ALTITUDE",parsed,MI,0.0,0.0,raw
11029,184.0017795451839,179.0,T+00:02:59,parsed,s,179.0,179.0,raw,"NEW GLENN 004,493 MPH VELOCITY",parsed,MPH,4493.0,2008.55072,raw,"NEW GLENN 224,497 ALTITUDE FT",parsed,FT,224497.0,68426.6856,raw,"STAGE2 000,000 VELOCITY MPH",parsed,MPH,0.0,0.0,raw,"000,000 STAGE2 ALTITUDE",parsed,MI,0.0,0.0,raw
11149,186.00379364849533,182.0,T+00:03:02,parsed,s,182.0,182.0,raw,"004,564 NEW GLENN MPH VELOCITY",parsed,MPH,4564.0,2040.29056,raw,"NEW GLENN 231,608 ALTITUDE FT",parsed,FT,231608.0,70594.1184,raw,"STAGE2 000,000 VELOCITY MPH",parsed,MPH,0.0,0.0,raw,"000,000 STAGE2 ALTITUDE",parsed,MI,0.0,0.0,raw
11269,188.00580775180677,184.0,T+00:03:04,parsed,s,184.0,184.0,raw,"004,624 NEW GLENN MPH VELOCITY",parsed,MPH,4624.0,2067.11296,raw,"238,746 NEW GLENN ALTITUDE FT",parsed,FT,238746.0,72769.78080000001,raw,"STAGE2 000,000 VELOCITY MPH",parsed,MPH,0.0,0.0,raw,"STAGE2 000,000 ALTITUDE",parsed,MI,0.0,0.0,raw
11389,190.00782185511824,186.0,T+00:03:06,parsed,s,186.0,186.0,raw,"004,672 NEW GLENN MPH VELOCITY",parsed,MPH,4672.0,2088.57088,raw,"NEW GLENN 245,911 ALTITUDE FT",parsed,FT,245911.0,74953.6728,raw,"STAGE2 000,000 VELOCITY MPH",parsed,MPH,0.0,0.0,raw,"STAGE2 000,000 ALTITUDE",parsed,MI,0.0,0.0,raw
11508,191.99315250756877,187.0,T+00:03:07,parsed,s,187.0,187.0,raw,"004,657 NEW GLENN MPH VELOCITY",parsed,MPH,4657.0,2081.86528,raw,"NEW GLENN 251,443 ALTITUDE FT",parsed,FT,251443.0,76639.8264,raw,"000,000 STAGE2 VELOCITY MPH",parsed,MPH,0.0,0.0,raw,"STAGE2 000,000 ALTITUDE",parsed,MI,0.0,0.0,raw
11628,193.99516661088023,190.0,T+00:03:10,parsed,s,190.0,190.0,raw,"004,627 STAGE1 MPH VELOCITY",parsed,MPH,4627.0,2068.45408,raw,"STAGE1 259,171 ALTITUDE FT",parsed,FT,259171.0,78995.3208,raw,"004,641 STAGE2 VELOCITY MPH",parsed,MPH,4641.0,2074.71264,raw,"STAGE2 259,435 ALTITUDE",parsed,FT,259435.0,79075.788,raw
11748,195.99718071419167,192.0,T+00:03:12,parsed,s,192.0,192.0,raw,"004,607 STAGE1 MPH VELOCITY",parsed,MPH,4607.0,2059.51328,raw,"266,027 STAGE1 ALTITUDE FT",parsed,FT,266027.0,81085.02960000001,raw,"004,620 STAGE2 MPH VELOCITY",parsed,MPH,4620.0,2065.3248,raw,"STAGE2 265,950 ALTITUDE",parsed,FT,265950.0,81061.56,raw
11868,197.9991948175031,194.0,T+00:03:14,parsed,s,194.0,194.0,raw,"004,586 STAGE1 MPH VELOCITY",parsed,MPH,4586.0,2050.12544,raw,"272,018 STAGE1 ALTITUDE FT",parsed,FT,272018.0,82911.0864,raw,"004,599 2 STAGE MPH YELDCITY",parsed,MPH,4599.0,2055.93696,rescue:adapt_b21,"272,353 STAGE2 ALTITUDE FT",parsed,FT,272353.0,83013.19440000001,raw
11988,200.0012089208146,196.0,T+00:03:16,parsed,s,196.0,196.0,raw,"004,566 STAGE1 MPH VELOCITY",parsed,MPH,4566.0,2041.18464,raw,"278,640 STAGE1 ALTITUDE FT",parsed,FT,278640.0,84929.47200000001,raw,"STAGE2 004,579 MPH VELOCITY",parsed,MPH,4579.0,2046.99616,raw,"STAGE2 278,645 ALTITUDE",parsed,FT,278645.0,84930.996,raw
12108,202.00322302412604,197.0,T+00:03:17,parsed,s,197.0,197.0,raw,"004,548 STAGE1 MPH VELOCITY",parsed,MPH,4548.0,2033.13792,raw,"STAGE1 284,422 ALTITUDE FT",parsed,FT,284422.0,86691.82560000001,raw,"STAGE2 004,561 MPH VELOCITY",parsed,MPH,4561.0,2038.94944,raw,"STAGE2 284,826 ALTITUDE",parsed,FT,284826.0,86814.9648,raw
12228,204.0052371274375,200.0,T+00:03:20,parsed,s,200.0,200.0,raw,"004,526 STAGE1 MPH VELOCITY",parsed,MPH,4526.0,2023.30304,raw,"290,809 STAGE1 FT ALTITUDE",parsed,FT,290809.0,88638.58320000001,raw,"STAGE2 004,549 MPH VELOCITY",parsed,MPH,4549.0,2033.58496,raw,"289,175 STAGE2 FT ALTITUDE",parsed,FT,289175.0,88140.54000000001,rescue:col_x3
12348,206.00725123074895,201.0,T+00:03:21,parsed,s,201.0,201.0,raw,"004,509 STAGE1 MPH VELOCITY",parsed,MPH,4509.0,2015.70336,raw,"296,383 STAGE1 FT ALTITUDE",parsed,FT,296383.0,90337.5384,raw,"STAGE2 004,553 MPH VELOCITY",parsed,MPH,4553.0,2035.37312,raw,"STAGE2 296,894 ALTITUDE",parsed,FT,296894.0,90493.2912,raw
12467,207.9925818831995,203.0,T+00:03:23,parsed,s,203.0,203.0,raw,"STAGE1 004,490 MPH VELOCITY",parsed,MPH,4490.0,2007.2096,raw,"302,536 STAGE1 ALTITUDE FT",parsed,FT,302536.0,92212.9728,raw,"STAGE2 004,562 VELOCITY MPH",parsed,MPH,4562.0,2039.39648,raw,"STAGE2 302,824 ALTITUDE",parsed,FT,302824.0,92300.7552,raw
12587,209.99459598651097,205.0,T+00:03:25,parsed,s,205.0,205.0,raw,"004,471 STAGE1 MPH VELOCITY",parsed,MPH,4471.0,1998.71584,raw,"308,567 STAGE1 ALTITUDE FT",parsed,FT,308567.0,94051.2216,raw,"STAGE2 004,570 MPH VELOCITY",parsed,MPH,4570.0,2042.9728,raw,"308,693 STAGE2 FT ALTITUDE",parsed,FT,308693.0,94089.6264,raw
12707,211.9966100898224,208.0,T+00:03:28,parsed,s,208.0,208.0,raw,"004,451 STAGE1 MPH VELOCITY",parsed,MPH,4451.0,1989.77504,raw,"314,474 STAGE1 ALTITUDE FT",parsed,FT,314474.0,95851.6752,raw,"STAGE2 004,578 MPH VELOCITY",parsed,MPH,4578.0,2046.54912,raw,"STAGE2 315,334 ALTITUDE",parsed,FT,315334.0,96113.8032,raw
12827,213.99862419313388,210.0,T+00:03:30,parsed,s,210.0,210.0,raw,"004,433 STAGE1 MPH VELOCITY",parsed,MPH,4433.0,1981.72832,raw,"320,260 STAGE1 ALTITUDE FT",parsed,FT,320260.0,97615.248,raw,"STAGE2 004,586 MPH VELOCITY",parsed,MPH,4586.0,2050.12544,raw,"321,092 STAGE2 ALTITUDE",parsed,FT,321092.0,97868.8416,raw
12947,216.00063829644537,212.0,T+00:03:32,parsed,s,212.0,212.0,raw,"STAGE1 004,416 MPH VELOCITY",parsed,MPH,4416.0,1974.12864,raw,"325,922 STAGE1 ALTITUDE FT",parsed,FT,325922.0,99341.0256,raw,"STAGE2 004,594 MPH VELOCITY",parsed,MPH,4594.0,2053.70176,raw,"326,798 STAGE2 ALTITUDE",parsed,FT,326798.0,99608.0304,raw
13067,218.0026523997568,214.0,T+00:03:34,parsed,s,214.0,214.0,raw,"004,398 STAGE1 MPH VELOCITY",parsed,MPH,4398.0,1966.08192,raw,"000,063 STAGE1 ALTITUDE MI",parsed,MI,63.0,101388.672,raw,"STAGE2 004,603 MPH VELOCITY",parsed,MPH,4603.0,2057.72512,raw,"STAGE2 000,063 MI ALTITUDE",parsed,MI,63.0,101388.672,raw
13187,220.00466650306825,216.0,T+00:03:36,parsed,s,216.0,216.0,raw,"004,381 STAGE1 MPH VELOCITY",parsed,MPH,4381.0,1958.48224,raw,"000,064 STAGE1 ALTITUDE MI",parsed,MI,64.0,102998.016,raw,"STAGE2 004,613 MPH VELOCITY",parsed,MPH,4613.0,2062.19552,raw,"STAGE2 000,064 MI ALTITUDE",parsed,MI,64.0,102998.016,raw
13307,222.00668060637972,218.0,T+00:03:38,parsed,s,218.0,218.0,raw,"004,364 STAGE1 MPH VELOCITY",parsed,MPH,4364.0,1950.88256,raw,"000,065 STAGE1 ALTITUDE MI",parsed,MI,65.0,104607.36,raw,"STAGE2 004,622 VELOCITY MPH",parsed,MPH,4622.0,2066.21888,raw,"STAGE2 000,065 MI ALTITUDE",parsed,MI,65.0,104607.36,raw
13426,223.99201125883025,219.0,T+00:03:39,parsed,s,219.0,219.0,raw,"004,349 STAGE1 MPH VELOCITY",parsed,MPH,4349.0,1944.17696,raw,"000,066 STAGE1 ALTITUDE MI",parsed,MI,66.0,106216.704,raw,"STAGE2 004,630 MPH VELOCITY",parsed,MPH,4630.0,2069.7952,raw,"STAGE2 000,066 MI ALTITUDE",parsed,MI,66.0,106216.704,raw
13546,225.99402536214168,221.0,T+00:03:41,parsed,s,221.0,221.0,raw,"004,333 STAGE1 MPH VELOCITY",parsed,MPH,4333.0,1937.02432,raw,"000,066 STAGE1 ALTITUDE MI",parsed,MI,66.0,106216.704,raw,"STAGE2 004,640 MPH VELOCITY",parsed,MPH,4640.0,2074.2656,raw,"STAGE2 000,067 MI ALTITUDE",parsed,MI,67.0,107826.048,raw
13666,227.99603946545315,223.0,T+00:03:43,parsed,s,223.0,223.0,raw,"004,317 STAGE1 MPH VELOCITY",parsed,MPH,4317.0,1929.87168,raw,"000,067 STAGE1 ALTITUDE MI",parsed,MI,67.0,107826.048,raw,"STAGE2 004,651 MPH VELOCITY",parsed,MPH,4651.0,2079.18304,raw,"STAGE2 000,068 MI ALTITUDE",parsed,MI,68.0,109435.392,raw
13786,229.99805356876465,226.0,T+00:03:46,parsed,s,226.0,226.0,raw,"004,300 STAGE1 MPH VELOCITY",parsed,MPH,4300.0,1922.272,raw,"000,068 STAGE1 ALTITUDE MI",parsed,MI,68.0,109435.392,raw,"STAGE2 004,663 MPH VELOCITY",parsed,MPH,4663.0,2084.54752,raw,"STAGE2 000,069 MI ALTITUDE",parsed,MI,69.0,111044.736,raw
13906,232.00006767207609,227.0,T+00:03:47,parsed,s,227.0,227.0,raw,"STAGE1 004,287 MPH VELOCITY",parsed,MPH,4287.0,1916.46048,raw,"000,069 STAGE1 ALTITUDE MI",parsed,MI,69.0,111044.736,raw,"STAGE2 004,673 MPH VELOCITY",parsed,MPH,4673.0,2089.01792,raw,"STAGE2 000,070 MI ALTITUDE",parsed,MI,70.0,112654.08,raw
14026,234.00208177538752,229.0,T+00:03:49,parsed,s,229.0,229.0,raw,"STAGE1 004,272 MPH VELOCITY",parsed,MPH,4272.0,1909.75488,raw,"000,070 STAGE1 ALTITUDE MI",parsed,MI,70.0,112654.08,raw,"STAGE2 004,684 MPH VELOCITY",parsed,MPH,4684.0,2093.93536,raw,"STAGE2 000,071 MI ALTITUDE",parsed,MI,71.0,114263.424,raw
14146,236.004095878699,231.0,T+00:03:51,parsed,s,231.0,231.0,raw,"STAGE1 004,257 MPH VELOCITY",parsed,MPH,4257.0,1903.04928,raw,"000,071 STAGE1 ALTITUDE MI",parsed,MI,71.0,114263.424,raw,"STAGE2 004,696 MPH VELOCITY",parsed,MPH,4696.0,2099.29984,raw,"STAGE2 000,072 MI ALTITUDE",parsed,MI,72.0,115872.768,raw
14266,238.00610998201043,233.0,T+00:03:53,parsed,s,233.0,233.0,raw,"004,243 STAGE1 MPH VELOCITY",parsed,MPH,4243.0,1896.79072,raw,"000,072 STAGE1 ALTITUDE MI",parsed,MI,72.0,115872.768,raw,"STAGE2 004,708 MPH VELOCITY",parsed,MPH,4708.0,2104.66432,raw,"STAGE2 000,073 MI ALTITUDE",parsed,MI,73.0,117482.112,raw
14386,240.0081240853219,236.0,T+00:03:56,parsed,s,236.0,236.0,raw,"004,228 STAGE1 MPH VELOCITY",parsed,MPH,4228.0,1890.08512,raw,"000,072 STAGE1 ALTITUDE MI",parsed,MI,72.0,115872.768,raw,"STAGE2 004,721 MPH VELOCITY",parsed,MPH,4721.0,2110.47584,raw,"STAGE2 000,074 MI ALTITUDE",parsed,MI,74.0,119091.456,raw
14505,241.9934547377724,237.0,T+00:03:57,parsed,s,237.0,237.0,raw,"004,216 STAGE1 MPH VELOCITY",parsed,MPH,4216.0,1884.72064,raw,"000,073 STAGE1 MI ALTITUDE",parsed,MI,73.0,117482.112,raw,"004,732 STAGE2 VELOCITY MPH",parsed,MPH,4732.0,2115.39328,raw,"000,075 STAGE2 ALTITUDE MI",parsed,MI,75.0,120700.8,raw
14625,243.9954688410839,239.0,T+00:03:59,parsed,s,239.0,239.0,raw,"004,203 STAGE1 MPH VELOCITY",parsed,MPH,4203.0,1878.90912,raw,"000,074 STAGE1 MI ALTITUDE",parsed,MI,74.0,119091.456,raw,"004,745 STAGE2 MPH VELOCITY",parsed,MPH,4745.0,2121.2048,raw,"STAGE2 000,076 ALTITUDE MI",parsed,MI,76.0,122310.144,raw
14745,245.99748294439533,241.0,T+00:04:01,parsed,s,241.0,241.0,raw,"004,190 STAGE1 MPH VELOCITY",parsed,MPH,4190.0,1873.0976,raw,"000,075 STAGE1 MI ALTITUDE",parsed,MI,75.0,120700.8,raw,"004,758 STAGE2 MPH VELOCITY",parsed,MPH,4758.0,2127.01632,raw,"000,077 STAGE2 ALTITUDE MI",parsed,MI,77.0,123919.488,raw
14865,247.9994970477068,244.0,T+00:04:04,parsed,s,244.0,244.0,raw,"004,177 STAGE1 MPH VELOCITY",parsed,MPH,4177.0,1867.28608,raw,"000,075 STAGE1 ALTITUDE MI",parsed,MI,75.0,120700.8,raw,"004,773 STAGE2 MPH VELOCITY",parsed,MPH,4773.0,2133.72192,raw,"STAGE2 000,078 ALTITUDE MI",parsed,MI,78.0,125528.832,raw
14985,250.00151115101824,245.0,T+00:04:05,parsed,s,245.0,245.0,raw,"004,166 STAGE1 MPH VELOCITY",parsed,MPH,4166.0,1862.36864,raw,"000,076 STAGE1 ALTITUDE MI",parsed,MI,76.0,122310.144,raw,"004,785 STAGE2 MPH VELOCITY",parsed,MPH,4785.0,2139.0864,raw,"000,079 STAGE 2 MI ALTITUDE",parsed,MI,79.0,127138.176,rescue:col_x4
15105,252.0035252543297,247.0,T+00:04:07,parsed,s,247.0,247.0,raw,"004,155 STAGE1 MPH VELOCITY",parsed,MPH,4155.0,1857.4512,raw,"000,076 STAGE1 ALTITUDE MI",parsed,MI,76.0,122310.144,raw,"004,797 STAGE2 MPH VELOCITY",parsed,MPH,4797.0,2144.45088,raw,"STAGE2 000,080 ALTITUDE MI",parsed,MI,80.0,128747.52,raw
15225,254.00553935764117,249.0,T+00:04:09,parsed,s,249.0,249.0,raw,"004,143 STAGE1 MPH VELOCITY",parsed,MPH,4143.0,1852.08672,raw,"000,077 STAGE1 ALTITUDE MI",parsed,MI,77.0,123919.488,raw,"004,813 STAGE2 MPH VELOCITY",parsed,MPH,4813.0,2151.60352,raw,"STAGE2 000,081 ALTITUDE MI",parsed,MI,81.0,130356.864,raw
15345,256.00755346095264,252.0,T+00:04:12,parsed,s,252.0,252.0,raw,"004,131 STAGE1 MPH VELOCITY",parsed,MPH,4131.0,1846.72224,raw,"000,078 STAGE1 ALTITUDE MI",parsed,MI,78.0,125528.832,raw,"004,829 STAGE2 MPH VELOCITY",parsed,MPH,4829.0,2158.75616,raw,"000,082 STAGE2 ALTITUDE MI",parsed,MI,82.0,131966.208,raw
15464,257.99288411340314,253.0,T+00:04:13,parsed,s,253.0,253.0,raw,"004,121 STAGE1 MPH VELOCITY",parsed,MPH,4121.0,1842.25184,raw,"STAGE1 000,078 ALTITUDE MI",parsed,MI,78.0,125528.832,raw,"STAGE2 004,842 VELOCITY MPH",parsed,MPH,4842.0,2164.56768,raw,"STAGE2 000,083 ALTITUDE MI",parsed,MI,83.0,133575.552,raw
15584,259.9948982167146,255.0,T+00:04:15,parsed,s,255.0,255.0,raw,"004,111 STAGE1 MPH VELOCITY",parsed,MPH,4111.0,1837.78144,raw,"000,079 STAGE1 MI ALTITUDE",parsed,MI,79.0,127138.176,rescue:col_x3,"004,857 STAGE2 MPH VELOCITY",parsed,MPH,4857.0,2171.27328,raw,"000,084 STAGE2 ALTITUDE MI",parsed,MI,84.0,135184.896,raw
15704,261.99691232002607,258.0,T+00:04:18,parsed,s,258.0,258.0,raw,"004,100 STAGE1 MPH VELOCITY",parsed,MPH,4100.0,1832.864,raw,"000,080 STAGE1 ALTITUDE MI",parsed,MI,80.0,128747.52,raw,"004,873 STAGE2 VELOCITY MPH",parsed,MPH,4873.0,2178.42592,raw,"STAGE2 000,085 ALTITUDE MI",parsed,MI,85.0,136794.24,raw
15824,263.99892642333754,260.0,T+00:04:20,parsed,s,260.0,260.0,raw,"004,090 STAGE1 MPH VELOCITY",parsed,MPH,4090.0,1828.3936,raw,"000,080 STAGE1 ALTITUDE MI",parsed,MI,80.0,128747.52,raw,"004,889 STAGE2 VELOCITY MPH",parsed,MPH,4889.0,2185.57856,raw,"STAGE2 000,085 ALTITUDE MI",parsed,MI,85.0,136794.24,raw
15944,266.000940526649,261.0,T+00:04:21,parsed,s,261.0,261.0,raw,"004,082 STAGE1 MPH VELOCITY",parsed,MPH,4082.0,1824.81728,raw,"000,081 STAGE1 ALTITUDE MI",parsed,MI,81.0,130356.864,raw,"STAGE2 004,903 MPH VELOCITY",parsed,MPH,4903.0,2191.83712,raw,"000,086 STAGE2 ALTITUDE MI",parsed,MI,86.0,138403.584,raw
16064,268.0029546299604,263.0,T+00:04:23,parsed,s,263.0,263.0,raw,"STAGE1 004,073 MPH VELOCITY",parsed,MPH,4073.0,1820.79392,raw,"000,081 STAGE1 ALTITUDE MI",parsed,MI,81.0,130356.864,raw,"004,919 STAGE2 MPH VELOCITY",parsed,MPH,4919.0,2198.98976,rescue:gry_x3,"000,087 STAGE2 ALTITUDE MI",parsed,MI,87.0,140012.928,raw
16184,270.0049687332719,266.0,T+00:04:26,parsed,s,266.0,266.0,raw,"STAGE1 004,064 MPH VELOCITY",parsed,MPH,4064.0,1816.77056,raw,"000,081 STAGE1 ALTITUDE MI",parsed,MI,81.0,130356.864,raw,"STAGE2 004,936 MPH VELOCITY",parsed,MPH,4936.0,2206.5894399999997,raw,"STAGE2 000,088 ALTITUDE MI",parsed,MI,88.0,141622.272,raw
16304,272.00698283658335,267.0,T+00:04:27,parsed,s,267.0,267.0,raw,"STAGE1 004,057 MPH VELOCITY",parsed,MPH,4057.0,1813.64128,raw,"000,082 STAGE1 ALTITUDE MI",parsed,MI,82.0,131966.208,raw,"STAGE2 004,951 MPH VELOCITY",parsed,MPH,4951.0,2213.29504,raw,"000,089 STAGE2 MI ALTITUDE",parsed,MI,89.0,143231.616,rescue:col_x3
16423,273.9923134890339,270.0,T+00:04:30,parsed,s,270.0,270.0,raw,"004,049 STAGE1 MPH VELOCITY",parsed,MPH,4049.0,1810.06496,raw,"000,082 STAGE1 ALTITUDE MI",parsed,MI,82.0,131966.208,raw,"STAGE2 004,970 MPH VELOCITY",parsed,MPH,4970.0,2221.7888,raw,STAGE2 060'000 MI ALTITUDE,parsed,MI,60.0,96560.64,raw
16543,275.9943275923453,272.0,T+00:04:32,parsed,s,272.0,272.0,raw,"004,041 STAGE1 MPH VELOCITY",parsed,MPH,4041.0,1806.48864,raw,"000,083 STAGE1 ALTITUDE MI",parsed,MI,83.0,133575.552,raw,"STAGE2 004,986 MPH VELOCITY",parsed,MPH,4986.0,2228.94144,raw,STAGE2 060'000 MI ALTITUDE,parsed,MI,60.0,96560.64,raw
16663,277.9963416956568,274.0,T+00:04:34,parsed,s,274.0,274.0,raw,"004,035 STAGE1 MPH VELOCITY",parsed,MPH,4035.0,1803.8064,raw,"000,083 STAGE1 ALTITUDE MI",parsed,MI,83.0,133575.552,raw,"STAGE2 005,004 MPH VELOCITY",parsed,MPH,5004.0,2236.98816,raw,STAGE2 L60'000 MI ALTITUDE,missing,,,,raw
16783,279.99835579896825,275.0,T+00:04:35,parsed,s,275.0,275.0,raw,"004,029 STAGE1 MPH VELOCITY",parsed,MPH,4029.0,1801.12416,raw,"000,083 STAGE1 ALTITUDE MI",parsed,MI,83.0,133575.552,raw,"005,019 STAGE2 MPH VELOCITY",parsed,MPH,5019.0,2243.69376,rescue:col_x3,STAGE2 260'000 MI ALTITUDE,missing,,,,raw
16903,282.0003699022797,277.0,T+00:04:37,parsed,s,277.0,277.0,raw,"004,023 STAGE1 MPH VELOCITY",parsed,MPH,4023.0,1798.44192,raw,"000,084 STAGE1 ALTITUDE MI",parsed,MI,84.0,135184.896,raw,"STAGE2 005,037 MPH VELOCITY",parsed,MPH,5037.0,2251.74048,raw,"000,093 STAGE2 MI ALTITUDE",parsed,MI,93.0,149668.992,rescue:col_x3
17023,284.0023840055912,280.0,T+00:04:40,parsed,s,280.0,280.0,raw,"004,017 STAGE1 MPH VELOCITY",parsed,MPH,4017.0,1795.75968,raw,"000,084 STAGE1 ALTITUDE MI",parsed,MI,84.0,135184.896,raw,"STAGE2 005,057 MPH VELOCITY",parsed,MPH,5057.0,2260.68128,raw,"STAGE2 000,094 ALTITUDE MI",parsed,MI,94.0,151278.336,raw
17143,286.00439810890265,281.0,T+00:04:41,parsed,s,281.0,281.0,raw,"004,012 STAGE1 MPH VELOCITY",parsed,MPH,4012.0,1793.52448,raw,"000,084 STAGE1 ALTITUDE MI",parsed,MI,84.0,135184.896,raw,"STAGE2 005,073 MPH VELOCITY",parsed,MPH,5073.0,2267.83392,raw,"000,094 STAGE2 ALTITUDE MI",parsed,MI,94.0,151278.336,raw
17263,288.00641221221406,283.0,T+00:04:43,parsed,s,283.0,283.0,raw,"004,007 STAGE1 MPH VELOCITY",parsed,MPH,4007.0,1791.28928,raw,"000,085 STAGE1 ALTITUDE MI",parsed,MI,85.0,136794.24,raw,"STAGE2 005,092 MPH VELOCITY",parsed,MPH,5092.0,2276.32768,raw,"000,095 STAGE2 MI ALTITUDE",parsed,MI,95.0,152887.68,rescue:col_x3
17382,289.9917428646646,286.0,T+00:04:46,parsed,s,286.0,286.0,raw,"004,002 STAGE1 MPH VELOCITY",parsed,MPH,4002.0,1789.05408,raw,"000,085 STAGE1 ALTITUDE MI",parsed,MI,85.0,136794.24,raw,"STAGE2 005,112 MPH VELOCITY",parsed,MPH,5112.0,2285.26848,raw,"000,096 STAGE2 MI ALTITUDE",parsed,MI,96.0,154497.024,rescue:col_x3
17502,291.9937569679761,287.0,T+00:04:47,parsed,s,287.0,287.0,raw,"003,998 STAGE1 MPH VELOCMY",parsed,MPH,3998.0,1787.26592,rescue:adapt_b21,"000,085 STAGE1 ALTITUDE MI",parsed,MI,85.0,136794.24,raw,"005,129 STAGE2 MPH VELOCITY",parsed,MPH,5129.0,2292.86816,raw,"STAGE2 000,096 ALTITUDE MI",parsed,MI,96.0,154497.024,raw
17622,293.99577107128755,289.0,T+00:04:49,parsed,s,289.0,289.0,raw,"003,994 STAGE1 MPH VELOCITY",parsed,MPH,3994.0,1785.47776,raw,"000,085 STAGE1 ALTITUDE MI",parsed,MI,85.0,136794.24,raw,"005,148 STAGE2 MPH VELOCITY",parsed,MPH,5148.0,2301.36192,raw,"000,097 STAGE2 MI ALTITUDE",parsed,MI,97.0,156106.36800000002,rescue:col_x3
17742,295.99778517459896,291.0,T+00:04:51,parsed,s,291.0,291.0,raw,"003,991 STAGE1 MPH VELOCMY",parsed,MPH,3991.0,1784.13664,rescue:adapt_b21,"000,085 STAGE1 ALTITUDE MI",parsed,MI,85.0,136794.24,raw,"005,168 STAGE2 MPH VELOCITY",parsed,MPH,5168.0,2310.30272,raw,"000,098 STAGE2 MI ALTITUDE",parsed,MI,98.0,157715.712,rescue:col_x3
17862,297.9997992779104,293.0,T+00:04:53,parsed,s,293.0,293.0,raw,"003,988 STAGE1 MPH VELOCITY",parsed,MPH,3988.0,1782.79552,raw,"000,086 STAGE1 ALTITUDE MI",parsed,MI,86.0,138403.584,raw,"005,187 STAGE2 MPH VELOCITY",parsed,MPH,5187.0,2318.79648,raw,"000,099 STAGE2 MI ALTITUDE",parsed,MI,99.0,159325.056,rescue:col_x3
17982,300.0018133812219,295.0,T+00:04:55,parsed,s,295.0,295.0,raw,"003,986 1 CITY MPH",parsed,MPH,3986.0,1781.90144,focus_raw,"000,086 STAGE1 ALTITUDE MI",parsed,MI,86.0,138403.584,raw,"STAGE2 005,207 MPH VELOCITY",parsed,MPH,5207.0,2327.73728,raw,"000,099 STAGE2 MI ALTITUDE",parsed,MI,99.0,159325.056,rescue:col_x3
18102,302.00382748453336,297.0,T+00:04:57,parsed,s,297.0,297.0,raw,"STAGE1 003,984 MPH VELOCITY",parsed,MPH,3984.0,1781.00736,raw,"000,086 STAGE1 ALTITUDE MI",parsed,MI,86.0,138403.584,raw,"STAGE2 005,227 MPH VELOCITY",parsed,MPH,5227.0,2336.67808,raw,"000,100 STAGE2 ALTITUDE MI",parsed,MI,100.0,160934.4,raw
18222,304.0058415878448,300.0,T+00:05:00,parsed,s,300.0,300.0,raw,"003,982 STAGE1 MPH VELOCITY",parsed,MPH,3982.0,1780.11328,raw,"000,086 STAGE1 ALTITUDE MI",parsed,MI,86.0,138403.584,raw,"STAGE2 005,250 MPH VELOCITY",parsed,MPH,5250.0,2346.96,raw,"000,101 STAGE2 ALTITUDE MI",parsed,MI,101.0,162543.744,raw
18342,306.0078556911563,302.0,T+00:05:02,parsed,s,302.0,302.0,raw,"003,981 STAGE1 MPH VELOCMY",parsed,MPH,3981.0,1779.66624,rescue:adapt_b21,"000,086 STAGE1 ALTITUDE MI",parsed,MI,86.0,138403.584,raw,"STAGE2 005,270 MPH VELOCITY",parsed,MPH,5270.0,2355.9008,raw,"000,101 STAGE2 ALTITUDE MI",parsed,MI,101.0,162543.744,raw
18461,307.9931863436068,303.0,T+00:05:03,parsed,s,303.0,303.0,raw,"003,980 STAGE1 MPH VELOCITY",parsed,MPH,3980.0,1779.2192,raw,"000,086 STAGE1 ALTITUDE MI",parsed,MI,86.0,138403.584,raw,"005,289 STAGE2 MPH VELOCITY",parsed,MPH,5289.0,2364.39456,rescue:col_x3,"000,102 STAGE2 ALTITUDE MI",parsed,MI,102.0,164153.08800000002,raw
18581,309.99520044691826,305.0,T+00:05:05,parsed,s,305.0,305.0,raw,"003,980 STAGE1 MPH VELOCITY",parsed,MPH,3980.0,1779.2192,rescue:col_x3,"000,086 STAGE1 ALTITUDE MI",parsed,MI,86.0,138403.584,raw,"STAGE2 005,310 MPH VELOCITY",parsed,MPH,5310.0,2373.7824,raw,"000,103 STAGE2 ALTITUDE MI",parsed,MI,103.0,165762.432,raw
18701,311.9972145502297,307.0,T+00:05:07,parsed,s,307.0,307.0,raw,"003,979 STAGE MPH VELOCMY",parsed,MPH,3979.0,1778.77216,rescue:adapt_b15,"000,086 STAGE1 ALTITUDE MI",parsed,MI,86.0,138403.584,raw,"STAGE2 005,332 VELOCITY MPH",parsed,MPH,5332.0,2383.61728,raw,"000,103 STAGE2 ALTITUDE MI",parsed,MI,103.0,165762.432,raw
18821,313.9992286535412,309.0,T+00:05:09,parsed,s,309.0,309.0,raw,"003,980 STAGE1 MPH VELOCITY",parsed,MPH,3980.0,1779.2192,raw,"000,086 STAGE1 ALTITUDE MI",parsed,MI,86.0,138403.584,raw,"STAGE2 005,353 MPH VELOCITY",parsed,MPH,5353.0,2393.00512,raw,"000,104 STAGE2 ALTITUDE MI",parsed,MI,104.0,167371.776,raw
18941,316.0012427568526,311.0,T+00:05:11,parsed,s,311.0,311.0,raw,"003,981 STAGE1 MPH VELOCITY",parsed,MPH,3981.0,1779.66624,rescue:col_x3,"000,086 STAGE1 ALTITUDE MI",parsed,MI,86.0,138403.584,raw,"STAGE2 005,375 MPH VELOCITY",parsed,MPH,5375.0,2402.84,raw,"000,105 STAGE2 ALTITUDE MI",parsed,MI,105.0,168981.12,raw
19061,318.0032568601641,314.0,T+00:05:14,parsed,s,314.0,314.0,raw,"003,982 STAGE1 MPH VELOCITY",parsed,MPH,3982.0,1780.11328,raw,"000,086 STAGE1 ALTITUDE MI",parsed,MI,86.0,138403.584,raw,"005,400 STAGE2 MPH VELOCITY",parsed,MPH,5400.0,2414.016,raw,"000,105 STAGE2 ALTITUDE MI",parsed,MI,105.0,168981.12,raw
19181,320.00527096347554,315.0,T+00:05:15,parsed,s,315.0,315.0,raw,"003,983 MPH CITY",parsed,MPH,3983.0,1780.56032,focus_clahe,"000,086 STAGE1 ALTITUDE MI",parsed,MI,86.0,138403.584,raw,"005,420 STAGE2 MPH VELOCITY",parsed,MPH,5420.0,2422.9568,raw,"000,106 STAGE2 ALTITUDE MI",parsed,MI,106.0,170590.464,raw
19301,322.007285066787,318.0,T+00:05:18,parsed,s,318.0,318.0,raw,"003,986 STAGE1 MPH VELOCITY",parsed,MPH,3986.0,1781.90144,clahe,"000,086 STAGE1 ALTITUDE MI",parsed,MI,86.0,138403.584,raw,"005,445 STAGE2 MPH VELOCITY",parsed,MPH,5445.0,2434.1328,raw,"000,107 STAGE2 ALTITUDE MI",parsed,MI,107.0,172199.80800000002,raw
19420,323.9926157192375,319.0,T+00:05:19,parsed,s,319.0,319.0,raw,"003,988 STAGE1 MPH VELOCITY",parsed,MPH,3988.0,1782.79552,raw,"000,086 STAGE1 ALTITUDE MI",parsed,MI,86.0,138403.584,raw,"005,466 STAGE2 MPH VELOCITY",parsed,MPH,5466.0,2443.52064,raw,"000,107 STAGE2 ALTITUDE MI",parsed,MI,107.0,172199.80800000002,raw
19540,325.994629822549,321.0,T+00:05:21,parsed,s,321.0,321.0,raw,STAGE1 MPH VELOCITY,missing,,,,raw,"000,085 STAGE1 ALTITUDE MI",parsed,MI,85.0,136794.24,raw,"005,488 STAGE2 MPH VELOCITY",parsed,MPH,5488.0,2453.35552,raw,"000,108 STAGE2 ALTITUDE MI",parsed,MI,108.0,173809.152,raw
19660,327.99664392586044,324.0,T+00:05:24,parsed,s,324.0,324.0,raw,"003,994 STAGE1 MPH VELOCITY",parsed,MPH,3994.0,1785.47776,raw,"000,085 STAGE1 ALTITUDE MI",parsed,MI,85.0,136794.24,raw,"STAGE2 005,514 MPH VELOCITY",parsed,MPH,5514.0,2464.97856,raw,"000,108 STAGE2 ALTITUDE MI",parsed,MI,108.0,173809.152,raw
19780,329.9986580291719,326.0,T+00:05:26,parsed,s,326.0,326.0,raw,"003,998 STAGE MPH YELOCITY",parsed,MPH,3998.0,1787.26592,rescue:adapt_b15,"000,085 STAGE1 ALTITUDE MI",parsed,MI,85.0,136794.24,raw,"STAGE2 005,538 MPH VELOCITY",parsed,MPH,5538.0,2475.70752,raw,"000,109 SIAGE 2 MI ALMTMDE",parsed,MI,109.0,175418.496,rescue:adapt_b21
19900,332.0006721324834,327.0,T+00:05:27,parsed,s,327.0,327.0,raw,"STAGE1 004,001 MPH VELOCITY",parsed,MPH,4001.0,1788.60704,raw,"000,085 STAGE1 ALTITUDE MI",parsed,MI,85.0,136794.24,raw,"005,559 STAGE2 MPH VELOCITY",parsed,MPH,5559.0,2485.09536,raw,"000,109 STAGE2 MI ALTITUDE",parsed,MI,109.0,175418.496,rescue:clahe_x3
20020,334.00268623579484,329.0,T+00:05:29,parsed,s,329.0,329.0,raw,"STAGE1 004,006 MPH VELOCITY",parsed,MPH,4006.0,1790.84224,raw,"000,085 STAGE1 ALTITUDE MI",parsed,MI,85.0,136794.24,raw,"STAGE2 005,583 MPH VELOCITY",parsed,MPH,5583.0,2495.82432,raw,"000,110 STAGE2 ALTITUDE MI",parsed,MI,110.0,177027.84,raw
20140,336.00470033910625,332.0,T+00:05:32,parsed,s,332.0,332.0,raw,"STAGE1 004,011 MPH VELOCITY",parsed,MPH,4011.0,1793.07744,raw,"000,084 STAGE1 ALTITUDE MI",parsed,MI,84.0,135184.896,raw,"STAGE2 005,610 MPH VELOCITY",parsed,MPH,5610.0,2507.8944,raw,"000,111 STAGE2 MI ALTITUDE",parsed,MI,111.0,178637.184,rescue:col_x3
20260,338.0067144424177,333.0,T+00:05:33,parsed,s,333.0,333.0,raw,"004,016 STAGE1 MPH VELOCITY",parsed,MPH,4016.0,1795.31264,raw,"000,084 STAGE1 ALTITUDE MI",parsed,MI,84.0,135184.896,raw,"STAGE2 005,632 VELOCITY MPH",parsed,MPH,5632.0,2517.72928,raw,"000,111 STAGE2 MI ALTITUDE",parsed,MI,111.0,178637.184,rescue:col_x3
20379,339.9920450948683,336.0,T+00:05:36,parsed,s,336.0,336.0,raw,"STAGE1 004,022 MPH VELOCITY",parsed,MPH,4022.0,1797.99488,raw,"000,084 STAGE1 ALTITUDE MI",parsed,MI,84.0,135184.896,raw,"005,659 STAGE2 MPH VELOCITY",parsed,MPH,5659.0,2529.79936,rescue:col_x3,"000,112 STAGE2 ALTITUDE MI",parsed,MI,112.0,180246.528,raw
20499,341.99405919817974,337.0,T+00:05:37,parsed,s,337.0,337.0,raw,"STAGE1 004,027 MPH VELOCITY",parsed,MPH,4027.0,1800.23008,raw,"000,083 STAGE1 ALTITUDE MI",parsed,MI,83.0,133575.552,raw,"STAGE2 005,682 VELOCITY MPH",parsed,MPH,5682.0,2540.08128,raw,"000,112 STAGE2 ALTITUDE MI",parsed,MI,112.0,180246.528,raw
20619,343.99607330149115,339.0,T+00:05:39,parsed,s,339.0,339.0,raw,"STAGE1 004,034 MPH VELOCITY",parsed,MPH,4034.0,1803.35936,raw,"000,083 STAGE1 ALTITUDE MI",parsed,MI,83.0,133575.552,raw,"STAGE2 005,707 MPH VELOCITY",parsed,MPH,5707.0,2551.25728,raw,"000,113 STAGE2 ALTITUDE MI",parsed,MI,113.0,181855.872,raw
20739,345.9980874048026,341.0,T+00:05:41,parsed,s,341.0,341.0,raw,"004,040 STAGE1 MPH VELOCITY",parsed,MPH,4040.0,1806.0416,raw,"000,083 STAGE1 ALTITUDE MI",parsed,MI,83.0,133575.552,raw,"STAGE2 005,733 MPH VELOCITY",parsed,MPH,5733.0,2562.88032,raw,"000,113 STAGE2 ALTITUDE MI",parsed,MI,113.0,181855.872,raw
20859,348.0001015081141,343.0,T+00:05:43,parsed,s,343.0,343.0,raw,"STAGE1 004,048 MPH VELOCITY",parsed,MPH,4048.0,1809.61792,raw,"000,082 STAGE1 ALTITUDE MI",parsed,MI,82.0,131966.208,raw,"STAGE2 005,759 MPH VELOCITY",parsed,MPH,5759.0,2574.50336,raw,"000,114 STAGE2 ALTITUDE MI",parsed,MI,114.0,183465.216,raw
20979,350.00211561142555,346.0,T+00:05:46,parsed,s,346.0,346.0,raw,"STAGE1 004,056 MPH VELOCITY",parsed,MPH,4056.0,1813.19424,raw,"000,082 STAGE1 ALTITUDE MI",parsed,MI,82.0,131966.208,raw,"STAGE2 005,787 MPH VELOCITY",parsed,MPH,5787.0,2587.02048,raw,"000,114 STAGE2 ALTITUDE MI",parsed,MI,114.0,183465.216,raw
21099,352.004129714737,348.0,T+00:05:48,parsed,s,348.0,348.0,raw,"STAGE1 004,064 MPH VELOCITY",parsed,MPH,4064.0,1816.77056,raw,"000,082 STAGE1 ALTITUDE MI",parsed,MI,82.0,131966.208,raw,"STAGE2 005,813 MPH VELOCITY",parsed,MPH,5813.0,2598.64352,raw,"000,115 STAGE2 ALTITUDE MI",parsed,MI,115.0,185074.56,raw
21219,354.0061438180485,350.0,T+00:05:50,parsed,s,350.0,350.0,raw,"STAGE1 004,072 MPH VELOCITY",parsed,MPH,4072.0,1820.34688,raw,"000,081 STAGE1 ALTITUDE MI",parsed,MI,81.0,130356.864,raw,"STAGE2 005,840 MPH VELOCITY",parsed,MPH,5840.0,2610.7136,raw,"000,115 STAGE2 ALTITUDE MI",parsed,MI,115.0,185074.56,raw
21339,356.0081579213599,351.0,T+00:05:51,parsed,s,351.0,351.0,raw,"004,080 STAGE1 MPH VELOCITY",parsed,MPH,4080.0,1823.9232,raw,"000,081 STAGE1 ALTITUDE MI",parsed,MI,81.0,130356.864,raw,"STAGE2 005,865 MPH VELOCITY",parsed,MPH,5865.0,2621.8896,raw,"000,116 STAGE2 ALTITUDE MI",parsed,MI,116.0,186683.904,raw
21458,357.99348857381045,354.0,T+00:05:54,parsed,s,354.0,354.0,raw,"STAGE1 004,090 MPH VELOCITY",parsed,MPH,4090.0,1828.3936,raw,"000,080 STAGE1 ALTITUDE MI",parsed,MI,80.0,128747.52,raw,"005,893 STAGE 2 MPH YELDCITY",parsed,MPH,5893.0,2634.40672,rescue:adapt_b21,"000,116 STAGE2 ALTITUDE MI",parsed,MI,116.0,186683.904,raw
21578,359.9955026771219,356.0,T+00:05:56,parsed,s,356.0,356.0,raw,"004,100 STAGE1 MPH VELOCITY",parsed,MPH,4100.0,1832.864,raw,"000,080 STAGE1 ALTITUDE MI",parsed,MI,80.0,128747.52,raw,"STAGE2 005,921 MPH VELOCITY",parsed,MPH,5921.0,2646.92384,raw,"000,117 STAGE2 ALTITUDE MI",parsed,MI,117.0,188293.248,raw
21698,361.9975167804334,357.0,T+00:05:57,parsed,s,357.0,357.0,raw,"004,109 STAGE1 MPH VELOCITY",parsed,MPH,4109.0,1836.88736,raw,"000,079 STAGE1 MI ALTITUDE",parsed,MI,79.0,127138.176,rescue:col_x3,"STAGE2 005,946 MPH VELOCITY",parsed,MPH,5946.0,2658.09984,raw,"000,117 STAGE2 ALTITUDE MI",parsed,MI,117.0,188293.248,raw
21818,363.9995308837448,360.0,T+00:06:00,parsed,s,360.0,360.0,raw,"004,120 STAGE1 MPH VELOCITY",parsed,MPH,4120.0,1841.8048,raw,"000,078 STAGE1 ALTITUDE MI",parsed,MI,78.0,125528.832,raw,"STAGE2 005,976 MPH VELOCITY",parsed,MPH,5976.0,2671.51104,raw,"000,117 STAGE2 ALTITUDE MI",parsed,MI,117.0,188293.248,raw
21938,366.00154498705626,362.0,T+00:06:02,parsed,s,362.0,362.0,raw,"004,130 STAGE1 MPH VELOCITY",parsed,MPH,4130.0,1846.2752,raw,"000,078 STAGE1 ALTITUDE MI",parsed,MI,78.0,125528.832,raw,"STAGE2 006,004 MPH VELOCITY",parsed,MPH,6004.0,2684.02816,raw,"000,118 STAGE2 ALTITUDE MI",parsed,MI,118.0,189902.592,raw
22058,368.0035590903678,363.0,T+00:06:03,parsed,s,363.0,363.0,raw,"004,141 STAGE1 MPH VELOCITY",parsed,MPH,4141.0,1851.19264,raw,"000,077 STAGE1 ALTITUDE MI",parsed,MI,77.0,123919.488,raw,"STAGE2 006,030 MPH VELOCITY",parsed,MPH,6030.0,2695.6512,raw,"000,118 STAGE2 ALTITUDE MI",parsed,MI,118.0,189902.592,raw
22178,370.0055731936792,366.0,T+00:06:06,parsed,s,366.0,366.0,raw,"004,153 STAGE1 MPH VELOCITY",parsed,MPH,4153.0,1856.55712,raw,"000,077 STAGE1 ALTITUDE MI",parsed,MI,77.0,123919.488,raw,"006,061 STAGE2 MPH VELOCITY",parsed,MPH,6061.0,2709.50944,raw,"000,119 SIAGE2 M1 ALTTUDE",parsed,MI,119.0,191511.93600000002,rescue:adapt_b15
22298,372.00758729699066,368.0,T+00:06:08,parsed,s,368.0,368.0,raw,"004,164 STAGE1 MPH VELOCITY",parsed,MPH,4164.0,1861.47456,raw,"000,076 STAGE1 ALTITUDE MI",parsed,MI,76.0,122310.144,raw,"006,089 STAGE2 MPH VELOCITY",parsed,MPH,6089.0,2722.02656,rescue:col_x3,"000,119 STAGE2 MI ALTITUDE",parsed,MI,119.0,191511.93600000002,rescue:col_x4
22417,373.9929179494411,370.0,T+00:06:10,parsed,s,370.0,370.0,raw,"004,177 STAGE1 MPH VELOCITY",parsed,MPH,4177.0,1867.28608,raw,"000,075 STAGE1 ALTITUDE MI",parsed,MI,75.0,120700.8,raw,"006,118 STAGE2 MPH VELOCITY",parsed,MPH,6118.0,2734.99072,raw,"000,119 STAGE2 MI ALTITUDE",parsed,MI,119.0,191511.93600000002,rescue:col_x4
22537,375.99493205275263,371.0,T+00:06:11,parsed,s,371.0,371.0,raw,"004,188 STAGE1 MPH VELOCITY",parsed,MPH,4188.0,1872.20352,raw,"000,075 STAGE1 ALTITUDE MI",parsed,MI,75.0,120700.8,raw,"006,144 STAGE2 MPH VELOCITY",parsed,MPH,6144.0,2746.61376,raw,"000,120 STAGE2 ALTITUDE MI",parsed,MI,120.0,193121.28,raw
22657,377.9969461560641,374.0,T+00:06:14,parsed,s,374.0,374.0,raw,"STAGE1 004,203 MPH VELOCITY",parsed,MPH,4203.0,1878.90912,raw,"000,074 STAGE1 ALTITUDE MI",parsed,MI,74.0,119091.456,raw,"006,177 STAGE2 MPH VELOCITY",parsed,MPH,6177.0,2761.36608,raw,"000,120 STAGE2 ALTITUDE MI",parsed,MI,120.0,193121.28,raw
22777,379.9989602593755,375.0,T+00:06:15,parsed,s,375.0,375.0,raw,"STAGE1 004,214 MPH VELOCITY",parsed,MPH,4214.0,1883.82656,raw,"000,073 STAGE1 ALTITUDE MI",parsed,MI,73.0,117482.112,raw,"STAGE2 006,203 MPH VELOCITY",parsed,MPH,6203.0,2772.9891199999997,raw,"000,121 STAGE2 ALTITUDE MI",parsed,MI,121.0,194730.624,raw
22897,382.00097436268703,377.0,T+00:06:17,parsed,s,377.0,377.0,raw,"STAGE1 004,228 MPH VELOCITY",parsed,MPH,4228.0,1890.08512,raw,"000,073 STAGE1 ALTITUDE MI",parsed,MI,73.0,117482.112,raw,"STAGE2 006,233 MPH VELOCITY",parsed,MPH,6233.0,2786.4003199999997,raw,"000,121 STAGE2 MI ALTITUDE",parsed,MI,121.0,194730.624,raw
23017,384.0029884659984,380.0,T+00:06:20,parsed,s,380.0,380.0,raw,"STAGE1 004,243 MPH VELOCITY",parsed,MPH,4243.0,1896.79072,raw,"000,072 STAGE1 ALTITUDE MI",parsed,MI,72.0,115872.768,raw,"STAGE2 006,266 MPH VELOCITY",parsed,MPH,6266.0,2801.15264,raw,"000,121 STAGE2 MI ALTITUDE",parsed,MI,121.0,194730.624,raw
23137,386.0050025693099,382.0,T+00:06:22,parsed,s,382.0,382.0,raw,"STAGE1 004,257 MPH VELOCITY",parsed,MPH,4257.0,1903.04928,raw,"000,071 STAGE1 ALTITUDE MI",parsed,MI,71.0,114263.424,raw,"STAGE2 006,297 MPH VELOCITY",parsed,MPH,6297.0,2815.01088,raw,"000,122 STAGE2 MI ALTITUDE",parsed,MI,122.0,196339.968,raw
23257,388.0070166726214,383.0,T+00:06:23,parsed,s,383.0,383.0,raw,"004,270 STAGE1 MPH VELOCITY",parsed,MPH,4270.0,1908.8608,raw,"000,070 STAGE1 ALTITUDE MI",parsed,MI,70.0,112654.08,raw,"STAGE2 006,324 MPH VELOCITY",parsed,MPH,6324.0,2827.08096,raw,"000,122 STAGE2 ALTITUDE MI",parsed,MI,122.0,196339.968,raw
23376,389.99234732507193,385.0,T+00:06:25,parsed,s,385.0,385.0,raw,"004,285 STAGE1 MPH VELOCITY",parsed,MPH,4285.0,1915.5664,raw,"000,069 STAGE1 ALTITUDE MI",parsed,MI,69.0,111044.736,raw,"STAGE2 006,355 MPH VELOCITY",parsed,MPH,6355.0,2840.9392,raw,"000,122 STAGE2 ALTITUDE MI",parsed,MI,122.0,196339.968,raw
23496,391.99436142838334,387.0,T+00:06:27,parsed,s,387.0,387.0,raw,"004,301 STAGE1 MPH VELOCITY",parsed,MPH,4301.0,1922.71904,raw,"000,068 STAGE1 ALTITUDE MI",parsed,MI,68.0,109435.392,raw,"STAGE2 006,386 MPH VELOCITY",parsed,MPH,6386.0,2854.79744,raw,"000,123 STAGE2 MI ALTITUDE",parsed,MI,123.0,197949.312,raw
23616,393.9963755316948,389.0,T+00:06:29,parsed,s,389.0,389.0,raw,"004,316 STAGE1 MPH VELOCITY",parsed,MPH,4316.0,1929.42464,raw,"000,068 STAGE1 ALTITUDE MI",parsed,MI,68.0,109435.392,raw,"006,417 STAGE2 MPH VELOCITY",parsed,MPH,6417.0,2868.65568,raw,"000,123 STAGE2 MI ALTITUDE",parsed,MI,123.0,197949.312,raw
23736,395.9983896350063,391.0,T+00:06:31,parsed,s,391.0,391.0,raw,"004,332 STAGE1 MPH VELOCITY",parsed,MPH,4332.0,1936.57728,raw,"000,067 STAGE1 ALTITUDE MI",parsed,MI,67.0,107826.048,raw,"006,449 STAGE2 MPH VELOCITY",parsed,MPH,6449.0,2882.96096,raw,"000,123 STAGE2 ALTITUDE MI",parsed,MI,123.0,197949.312,raw
23856,398.00040373831774,393.0,T+00:06:33,parsed,s,393.0,393.0,raw,"004,348 STAGE1 MPH VELOCITY",parsed,MPH,4348.0,1943.72992,raw,"000,066 STAGE1 ALTITUDE MI",parsed,MI,66.0,106216.704,raw,"006,481 STAGE2 MPH VELOCITY",parsed,MPH,6481.0,2897.26624,raw,"000,124 STAGE2 ALTITUDE MI",parsed,MI,124.0,199558.656,raw
23976,400.0024178416292,395.0,T+00:06:35,parsed,s,395.0,395.0,raw,"004,365 STAGE1 MPH VELOCITY",parsed,MPH,4365.0,1951.3296,raw,"000,065 STAGE1 ALTITUDE MI",parsed,MI,65.0,104607.36,raw,"STAGE2 006,513 MPH VELOCITY",parsed,MPH,6513.0,2911.57152,raw,"000,124 STAGE2 ALTITUDE MI",parsed,MI,124.0,199558.656,raw
24096,402.0044319449407,398.0,T+00:06:38,parsed,s,398.0,398.0,raw,"STAGE1 004,384 MPH VELOCITY",parsed,MPH,4384.0,1959.82336,raw,"000,064 STAGE1 ALTITUDE MI",parsed,MI,64.0,102998.016,raw,"STAGE2 006,548 MPH VELOCITY",parsed,MPH,6548.0,2927.21792,raw,"000,124 STAGE2 ALTITUDE MI",parsed,MI,124.0,199558.656,raw
24216,404.0064460482521,399.0,T+00:06:39,parsed,s,399.0,399.0,raw,"004,399 STAGE1 MPH VELOCITY",parsed,MPH,4399.0,1966.52896,raw,"000,063 STAGE1 ALTITUDE MI",parsed,MI,63.0,101388.672,raw,"006,577 STAGE2 MPH VELOCITY",parsed,MPH,6577.0,2940.18208,raw,"000,125 STAGE2 ALTITUDE MI",parsed,MI,125.0,201168.0,raw
24335,405.99177670070264,402.0,T+00:06:42,parsed,s,402.0,402.0,raw,"004,418 STAGE1 MPH VELOCITY",parsed,MPH,4418.0,1975.02272,raw,"326,186 STAGE1 ALTITUDE FT",parsed,FT,326186.0,99421.4928,raw,"STAGE2 006,613 MPH VELOCITY",parsed,MPH,6613.0,2956.27552,raw,"000,125 STAGE2 ALTITUDE MI",parsed,MI,125.0,201168.0,raw
24455,407.9937908040141,404.0,T+00:06:44,parsed,s,404.0,404.0,raw,"STAGE1 004,436 MPH VELOCITY",parsed,MPH,4436.0,1983.06944,raw,"320,522 STAGE1 ALTITUDE FT",parsed,FT,320522.0,97695.1056,raw,"STAGE2 006,646 MPH VELOCITY",parsed,MPH,6646.0,2971.0278399999997,raw,"000,125 STAGE2 ALTITUDE MI",parsed,MI,125.0,201168.0,raw
24575,409.9958049073256,405.0,T+00:06:45,parsed,s,405.0,405.0,raw,"STAGE1 004,453 MPH VELOCITY",parsed,MPH,4453.0,1990.66912,raw,"315,384 STAGE1 ALTITUDE FT",parsed,FT,315384.0,96129.0432,raw,"STAGE2 006,677 MPH VELOCITY",parsed,MPH,6677.0,2984.88608,raw,"000,125 STAGE2 ALTITUDE MI",parsed,MI,125.0,201168.0,raw
24695,411.99781901063704,408.0,T+00:06:48,parsed,s,408.0,408.0,raw,"STAGE1 004,473 MPH VELOCITY",parsed,MPH,4473.0,1999.60992,raw,"308,824 STAGE1 ALTITUDE FT",parsed,FT,308824.0,94129.5552,raw,"STAGE2 006,713 MPH VELOCITY",parsed,MPH,6713.0,3000.97952,raw,"000,126 STAGE2 ALTITUDE MI",parsed,MI,126.0,202777.344,raw
24815,413.99983311394845,410.0,T+00:06:50,parsed,s,410.0,410.0,raw,"STAGE1 004,492 MPH VELOCITY",parsed,MPH,4492.0,2008.10368,raw,"302,789 STAGE1 ALTITUDE FT",parsed,FT,302789.0,92290.0872,raw,"STAGE2 006,747 MPH VELOCITY",parsed,MPH,6747.0,3016.17888,raw,"000,126 STAGE2 ALTITUDE MI",parsed,MI,126.0,202777.344,raw
24935,416.0018472172599,411.0,T+00:06:51,parsed,s,411.0,411.0,raw,"STAGE1 004,509 MPH VELOCITY",parsed,MPH,4509.0,2015.70336,raw,"298,011 STAGE1 ALTITUDE FT",parsed,FT,298011.0,90833.7528,raw,"STAGE2 006,777 MPH VELOCITY",parsed,MPH,6777.0,3029.59008,raw,"000,126 STAGE2 ALTITUDE MI",parsed,MI,126.0,202777.344,raw
25055,418.0038613205714,413.0,T+00:06:53,parsed,s,413.0,413.0,raw,"STAGE1 004,529 MPH VELOCITY",parsed,MPH,4529.0,2024.64416,raw,"291,756 STAGE1 ALTITUDE FT",parsed,FT,291756.0,88927.22880000001,raw,"STAGE2 006,812 MPH VELOCITY",parsed,MPH,6812.0,3045.23648,raw,"000,126 STAGE2 ALTITUDE MI",parsed,MI,126.0,202777.344,raw
25175,420.00587542388286,415.0,T+00:06:55,parsed,s,415.0,415.0,raw,"004,548 STAGE1 MPH VELOCITY",parsed,MPH,4548.0,2033.13792,raw,"285,378 STAGE1 ALTITUDE FT",parsed,FT,285378.0,86983.2144,raw,"006,846 STAGE2 MPH VELOCITY",parsed,MPH,6846.0,3060.43584,raw,"000,127 STAGE2 MI ALTITUDE",parsed,MI,127.0,204386.688,raw
25295,422.0078895271943,417.0,T+00:06:57,parsed,s,417.0,417.0,raw,"004,568 STAGE1 MPH VELOCITY",parsed,MPH,4568.0,2042.07872,raw,"281,782 STAGE1 ALTITUDE FT",parsed,FT,281782.0,85887.1536,raw,"STAGE2 006,881 MPH VELOCITY",parsed,MPH,6881.0,3076.0822399999997,raw,"000,127 STAGE2 MI ALTITUDE",parsed,MI,127.0,204386.688,raw
25414,423.9932201796448,419.0,T+00:06:59,parsed,s,419.0,419.0,raw,"004,588 STAGE1 MPH VELOCITY",parsed,MPH,4588.0,2051.01952,raw,"273,734 STAGE1 ALTITUDE FT",parsed,FT,273734.0,83434.1232,raw,"STAGE2 006,916 MPH VELOCITY",parsed,MPH,6916.0,3091.72864,raw,"000,127 STAGE2 MI ALTITUDE",parsed,MI,127.0,204386.688,raw
25534,425.9952342829563,421.0,T+00:07:01,parsed,s,421.0,421.0,raw,"004,607 STAGE1 MPH VELOCITY",parsed,MPH,4607.0,2059.51328,raw,"268,517 STAGE1 ALTITUDE FT",parsed,FT,268517.0,81843.9816,raw,"STAGE2 006,947 MPH VELOCITY",parsed,MPH,6947.0,3105.58688,raw,"000,127 STAGE2 MI ALTITUDE",parsed,MI,127.0,204386.688,raw
25654,427.99724838626776,423.0,T+00:07:03,parsed,s,423.0,423.0,raw,"STAGE1 004,628 MPH VELOCITY",parsed,MPH,4628.0,2068.90112,raw,"265,502 STAGE1 ALTITUDE FT",parsed,FT,265502.0,80925.0096,raw,"006,983 STAGE2 MPH VELOCITY",parsed,MPH,6983.0,3121.68032,rescue:col_x3,"000,128 STAGE2 ALTITUDE MI",parsed,MI,128.0,205996.032,raw
25774,429.9992624895792,426.0,T+00:07:06,parsed,s,426.0,426.0,raw,"STAGE1 004,653 MPH VELOCITY",parsed,MPH,4653.0,2080.07712,raw,"265,502 STAGE1 ALTITUDE FT",parsed,FT,265502.0,80925.0096,raw,"STAGE2 007,025 MPH VELOCITY",parsed,MPH,7025.0,3140.456,raw,"000,128 STAGE2 ALTITUDE MI",parsed,MI,128.0,205996.032,raw
25894,432.0012765928907,428.0,T+00:07:08,parsed,s,428.0,428.0,raw,"STAGE1 004,674 MPH VELOCITY",parsed,MPH,4674.0,2089.46496,raw,"252,403 STAGE1 ALTITUDE FT",parsed,FT,252403.0,76932.4344,raw,"STAGE2 007,061 MPH VELOCITY",parsed,MPH,7061.0,3156.54944,raw,"000,128 STAGE2 ALTITUDE MI",parsed,MI,128.0,205996.032,raw
26014,434.0032906962021,429.0,T+00:07:09,parsed,s,429.0,429.0,raw,"STAGE1 004,658 MPH VELOCITY",parsed,MPH,4658.0,2082.31232,raw,"242,096 STAGE1 ALTITUDE FT",parsed,FT,242096.0,73790.86080000001,raw,"007,093 STAGE2 MPH VELOCITY",parsed,MPH,7093.0,3170.85472,rescue:col_x3,"000,128 STAGE2 ALTITUDE MI",parsed,MI,128.0,205996.032,raw
26134,436.0053047995136,432.0,T+00:07:12,parsed,s,432.0,432.0,raw,"004,592 STAGE1 MPH VELOCITY",parsed,MPH,4592.0,2052.80768,raw,"237,287 STAGE1 ALTITUDE FT",parsed,FT,237287.0,72325.0776,raw,"STAGE2 007,133 MPH VELOCITY",parsed,MPH,7133.0,3188.73632,raw,"000,128 STAGE2 ALTITUDE MI",parsed,MI,128.0,205996.032,raw
26254,438.00731890282503,433.0,T+00:07:13,parsed,s,433.0,433.0,raw,"STAGE1 004,474 MPH VELOCITY",parsed,MPH,4474.0,2000.05696,raw,"226,952 STAGE1 ALTITUDE FT",parsed,FT,226952.0,69174.9696,raw,"007,166 STAGE2 MPH VELOCITY",parsed,MPH,7166.0,3203.48864,raw,"000,129 STAGE2 ALTITUDE MI",parsed,MI,129.0,207605.376,raw
26373,439.9926495552756,435.0,T+00:07:15,parsed,s,435.0,435.0,raw,"004,359 STAGE1 MPH VELOCITY",parsed,MPH,4359.0,1948.64736,raw,"218,402 STAGE1 ALTITUDE FT",parsed,FT,218402.0,66568.9296,raw,"007,203 STAGE2 MPH VELOCITY",parsed,MPH,7203.0,3220.02912,raw,"000,129 STAGE2 ALTITUDE MI",parsed,MI,129.0,207605.376,raw
26493,441.994663658587,437.0,T+00:07:17,parsed,s,437.0,437.0,raw,"004,242 STAGE1 MPH VELOCITY",parsed,MPH,4242.0,1896.34368,raw,"212,305 STAGE1 ALTITUDE FT",parsed,FT,212305.0,64710.564000000006,raw,"STAGE2 007,240 VELOCITY MPH",parsed,MPH,7240.0,3236.5696,raw,"STAGE2 000,129 ALTITUDE MI",parsed,MI,129.0,207605.376,raw
26613,443.99667776189847,440.0,T+00:07:20,parsed,s,440.0,440.0,raw,"004,110 STAGE1 MPH VELOCITY",parsed,MPH,4110.0,1837.3344,raw,"204,833 STAGE1 ALTITUDE FT",parsed,FT,204833.0,62433.0984,raw,"STAGE2 007,281 VELOCITY MPH",parsed,MPH,7281.0,3254.89824,raw,"STAGE2 000,129 ALTITUDE MI",parsed,MI,129.0,207605.376,raw
26733,445.99869186520993,441.0,T+00:07:21,parsed,s,441.0,441.0,raw,"004,012 STAGE1 MPH VELOCITY",parsed,MPH,4012.0,1793.52448,rescue:col_x3,"198,978 STAGE1 FT ALTITUDE",parsed,FT,198978.0,60648.4944,raw,"STAGE2 007,315 VELOCITY MPH",parsed,MPH,7315.0,3270.0976,raw,"000,129 STAGE2 ALTITUDE MI",parsed,MI,129.0,207605.376,raw
26853,448.0007059685214,444.0,T+00:07:24,parsed,s,444.0,444.0,raw,"STAGE1 003,862 MPH VELOCITY",parsed,MPH,3862.0,1726.46848,raw,"192,527 STAGE1 ALTITUDE FT",parsed,FT,192527.0,58682.229600000006,raw,"STAGE2 007,356 VELOCITY MPH",parsed,MPH,7356.0,3288.42624,raw,"000,129 STAGE2 MI ALTITUDE",parsed,MI,129.0,207605.37600000002,rescue:col_x3
26973,450.00272007183287,446.0,T+00:07:26,parsed,s,446.0,446.0,raw,"003,733 STAGE1 MPH VELOCITY",parsed,MPH,3733.0,1668.80032,raw,"186,917 STAGE1 ALTITUDE FT",parsed,FT,186917.0,56972.301600000006,raw,"STAGE2 007,394 VELOCITY MPH",parsed,MPH,7394.0,3305.41376,raw,"000,130 STAGE2 ALTITUDE MI",parsed,MI,130.0,209214.72,raw
27093,452.00473417514434,448.0,T+00:07:28,parsed,s,448.0,448.0,raw,"003,615 STAGE1 MPH VELOCITY",parsed,MPH,3615.0,1616.0496,raw,"180,749 STAGE1 ALTITUDE FT",parsed,FT,180749.0,55092.2952,raw,"STAGE2 007,433 VELOCITY MPH",parsed,MPH,7433.0,3322.84832,raw,"000,130 STAGE2 ALTITUDE MI",parsed,MI,130.0,209214.72,raw
27213,454.00674827845575,449.0,T+00:07:29,parsed,s,449.0,449.0,raw,"003,481 STAGE1 MPH VELOCITY",parsed,MPH,3481.0,1556.14624,raw,"175,399 STAGE1 FT ALTITUDE",parsed,FT,175399.0,53461.6152,raw,"007,467 STAGE2 MPH VELOCITY",parsed,MPH,7467.0,3338.04768,raw,"000,130 STAGE2 ALTITUDE MI",parsed,MI,130.0,209214.72,raw
27332,455.9920789309063,451.0,T+00:07:31,parsed,s,451.0,451.0,raw,"003,344 STAGE1 MPH VELOCITY",parsed,MPH,3344.0,1494.90176,raw,"169,534 STAGE1 ALTITUDE FT",parsed,FT,169534.0,51673.963200000006,raw,"STAGE2 007,506 MPH VELOCITY",parsed,MPH,7506.0,3355.48224,raw,"000,130 STAGE2 ALTITUDE MI",parsed,MI,130.0,209214.72,raw
27452,457.99409303421777,453.0,T+00:07:33,parsed,s,453.0,453.0,raw,"003,204 STAGE1 MPH VELOCITY",parsed,MPH,3204.0,1432.31616,raw,"163,838 STAGE1 ALTITUDE FT",parsed,FT,163838.0,49937.822400000005,raw,"STAGE2 007,545 MPH VELOCITY",parsed,MPH,7545.0,3372.9168,raw,"000,130 STAGE2 ALTITUDE MI",parsed,MI,130.0,209214.72,raw
27572,459.9961071375293,456.0,T+00:07:36,parsed,s,456.0,456.0,raw,"003,057 STAGE1 MPH VELOCITY",parsed,MPH,3057.0,1366.60128,raw,"158,314 STAGE1 ALTITUDE FT",parsed,FT,158314.0,48254.107200000006,raw,"007,589 STAGE 2 MPH YELDCITY",parsed,MPH,7589.0,3392.5865599999997,rescue:adapt_b21,"000,130 STAGE2 ALTITUDE MI",parsed,MI,130.0,209214.72,raw
27692,461.99812124084065,457.0,T+00:07:37,parsed,s,457.0,457.0,raw,"002,998 STAGEI MPH VELOCMY",parsed,MPH,2998.0,1340.22592,rescue:adapt_b21,"153,492 STAGE1 ALTITUDE FT",parsed,FT,153492.0,46784.3616,raw,"STAGE2 007,625 MPH VELOCITY",parsed,MPH,7625.0,3408.68,raw,"000,130 STAGE2 ALTITUDE MI",parsed,MI,130.0,209214.72,raw
27812,464.0001353441521,459.0,T+00:07:39,parsed,s,459.0,459.0,raw,"002,982 STAGE1 MPH VELOCITY",parsed,MPH,2982.0,1333.07328,raw,"148,073 STAGE1 ALTITUDE FT",parsed,FT,148073.0,45132.650400000006,raw,"STAGE2 007,665 MPH VELOCITY",parsed,MPH,7665.0,3426.5616,raw,"000,131 STAGE2 ALTITUDE MI",parsed,MI,131.0,210824.064,raw
27932,466.0021494474636,461.0,T+00:07:41,parsed,s,461.0,461.0,raw,"003,004 STAGE1 MPH VELOCITY",parsed,MPH,3004.0,1342.90816,raw,"142,546 STAGE1 ALTITUDE FT",parsed,FT,142546.0,43448.020800000006,raw,"STAGE2 007,705 MPH VELOCITY",parsed,MPH,7705.0,3444.4432,raw,"000,131 STAGE2 ALTITUDE MI",parsed,MI,131.0,210824.064,raw
28052,468.00416355077505,464.0,T+00:07:44,parsed,s,464.0,464.0,raw,,missing,,,,,,missing,,,,,,missing,,,,,,missing,,,,
28172,470.0061776540865,466.0,T+00:07:46,parsed,s,466.0,466.0,raw,,missing,,,,,,missing,,,,,,missing,,,,,,missing,,,,
28292,472.008191757398,467.0,T+00:07:47,parsed,s,467.0,467.0,raw,,missing,,,,,,missing,,,,,,missing,,,,,,missing,,,,
28411,473.9935224098485,469.0,T+00:07:49,parsed,s,469.0,469.0,raw,,missing,,,,,,missing,,,,,,missing,,,,,,missing,,,,
28531,475.99553651315995,472.0,T+00:07:52,parsed,s,472.0,472.0,raw,,missing,,,,,,missing,,,,,,missing,,,,,,missing,,,,
28651,477.9975506164714,473.0,T+00:07:53,parsed,s,473.0,473.0,raw,,missing,,,,,,missing,,,,,,missing,,,,,,missing,,,,
28771,479.9995647197829,475.0,T+00:07:55,parsed,s,475.0,475.0,raw,,missing,,,,,,missing,,,,,,missing,,,,,,missing,,,,
28891,482.0015788230943,477.0,T+00:07:57,parsed,s,477.0,477.0,raw,,missing,,,,,,missing,,,,,,missing,,,,,,missing,,,,
29011,484.00359292640576,479.0,T+00:07:59,parsed,s,479.0,479.0,raw,,missing,,,,,,missing,,,,,,missing,,,,,,missing,,,,
29131,486.0056070297172,481.0,T+00:08:01,parsed,s,481.0,481.0,raw,,missing,,,,,,missing,,,,,,missing,,,,,,missing,,,,
29251,488.0076211330287,484.0,T+00:08:04,parsed,s,484.0,484.0,raw,,missing,,,,,,missing,,,,,,missing,,,,,,missing,,,,
29370,489.9929517854792,485.0,T+00:08:05,parsed,s,485.0,485.0,raw,,missing,,,,,,missing,,,,,,missing,,,,,,missing,,,,
29490,491.99496588879066,487.0,T+00:08:07,parsed,s,487.0,487.0,raw,,missing,,,,,,missing,,,,,,missing,,,,,,missing,,,,
29610,493.9969799921021,490.0,T+00:08:10,parsed,s,490.0,490.0,raw,,missing,,,,,,missing,,,,,,missing,,,,,,missing,,,,
29730,495.9989940954136,491.0,T+00:08:11,parsed,s,491.0,491.0,raw,,missing,,,,,,missing,,,,,,missing,,,,,,missing,,,,
29850,498.00100819872506,493.0,T+00:08:13,parsed,s,493.0,493.0,raw,,missing,,,,,,missing,,,,,,missing,,,,,,missing,,,,
29970,500.0030223020365,496.0,T+00:08:16,parsed,s,496.0,496.0,raw,,missing,,,,,,missing,,,,,,missing,,,,,,missing,,,,
30090,502.00503640534794,497.0,T+00:08:17,parsed,s,497.0,497.0,raw,,missing,,,,,,missing,,,,,,missing,,,,,,missing,,,,
30210,504.0070505086594,499.0,T+00:08:19,parsed,s,499.0,499.0,raw,,missing,,,,,,missing,,,,,,missing,,,,,,missing,,,,
30329,505.9923811611099,501.0,T+00:08:21,parsed,s,501.0,501.0,raw,,missing,,,,,,missing,,,,,,missing,,,,,,missing,,,,
30449,507.9943952644214,503.0,T+00:08:23,parsed,s,503.0,503.0,raw,,missing,,,,,,missing,,,,,,missing,,,,,,missing,,,,
30569,509.9964093677328,506.0,T+00:08:26,parsed,s,506.0,506.0,raw,,missing,,,,,,missing,,,,,,missing,,,,,,missing,,,,
30689,511.9984234710443,508.0,T+00:08:28,parsed,s,508.0,508.0,raw,,missing,,,,,,missing,,,,,,missing,,,,,,missing,,,,
30809,514.0004375743558,510.0,T+00:08:30,parsed,s,510.0,510.0,raw,,missing,,,,,,missing,,,,,,missing,,,,,,missing,,,,
30929,516.0024516776672,511.0,T+00:08:31,parsed,s,511.0,511.0,raw,,missing,,,,,,missing,,,,,,missing,,,,,,missing,,,,
31049,518.0044657809786,513.0,T+00:08:33,parsed,s,513.0,513.0,raw,,missing,,,,,,missing,,,,,,missing,,,,,,missing,,,,
31169,520.0064798842901,516.0,T+00:08:36,parsed,s,516.0,516.0,raw,,missing,,,,,,missing,,,,,,missing,,,,,,missing,,,,
31288,521.9918105367407,518.0,T+00:08:38,parsed,s,518.0,518.0,raw,,missing,,,,,,missing,,,,,,missing,,,,,,missing,,,,
31408,523.9938246400521,519.0,T+00:08:39,parsed,s,519.0,519.0,raw,,missing,,,,,,missing,,,,,,missing,,,,,,missing,,,,
31528,525.9958387433636,522.0,T+00:08:42,parsed,s,522.0,522.0,raw,,missing,,,,,,missing,,,,,,missing,,,,,,missing,,,,
31648,527.9978528466751,524.0,T+00:08:44,parsed,s,524.0,524.0,raw,,missing,,,,,,missing,,,,,,missing,,,,,,missing,,,,
31768,529.9998669499865,526.0,T+00:08:46,parsed,s,526.0,526.0,raw,,missing,,,,,,missing,,,,,,missing,,,,,,missing,,,,
31888,532.001881053298,528.0,T+00:08:48,parsed,s,528.0,528.0,raw,,missing,,,,,,missing,,,,,,missing,,,,,,missing,,,,
32008,534.0038951566095,529.0,T+00:08:49,parsed,s,529.0,529.0,raw,,missing,,,,,,missing,,,,,,missing,,,,,,missing,,,,
32128,536.0059092599208,531.0,T+00:08:51,parsed,s,531.0,531.0,raw,,missing,,,,,,missing,,,,,,missing,,,,,,missing,,,,
32248,538.0079233632323,534.0,T+00:08:54,parsed,s,534.0,534.0,raw,,missing,,,,,,missing,,,,,,missing,,,,,,missing,,,,
32367,539.9932540156829,536.0,T+00:08:56,parsed,s,536.0,536.0,raw,,missing,,,,,,missing,,,,,,missing,,,,,,missing,,,,
32487,541.9952681189943,537.0,T+00:08:57,parsed,s,537.0,537.0,raw,,missing,,,,,,missing,,,,,,missing,,,,,,missing,,,,
32607,543.9972822223058,540.0,T+00:09:00,parsed,s,540.0,540.0,raw,,missing,,,,,,missing,,,,,,missing,,,,,,missing,,,,
32727,545.9992963256173,542.0,T+00:09:02,parsed,s,542.0,542.0,raw,,missing,,,,,,missing,,,,,,missing,,,,,,missing,,,,
32847,548.0013104289287,543.0,T+00:09:03,parsed,s,543.0,543.0,raw,,missing,,,,,,missing,,,,,,missing,,,,,,missing,,,,
32967,550.0033245322402,546.0,T+00:09:06,parsed,s,546.0,546.0,raw,,missing,,,,,,missing,,,,,,missing,,,,,,missing,,,,
33087,552.0053386355517,548.0,T+00:09:08,parsed,s,548.0,548.0,raw,,missing,,,,,,missing,,,,,,missing,,,,,,missing,,,,
33207,554.0073527388631,549.5739723217603,T+00:09:09,parsed,s,549.0,549.0,rescue:gry_x2,,missing,,,,,,missing,,,,,,missing,,,,,,missing,,,,
33326,555.9926833913136,552.0,T+00:09:12,parsed,s,552.0,552.0,raw,,missing,,,,,,missing,,,,,,missing,,,,,,missing,,,,
33446,557.994697494625,553.0,T+00:09:13,parsed,s,553.0,553.0,raw,,missing,,,,,,missing,,,,,,missing,,,,,,missing,,,,
33566,559.9967115979365,555.0,T+00:09:15,parsed,s,555.0,555.0,raw,,missing,,,,,,missing,,,,,,missing,,,,,,missing,,,,
33686,561.998725701248,557.0,T+00:09:17,parsed,s,557.0,557.0,raw,,missing,,,,,,missing,,,,,,missing,,,,,,missing,,,,
33806,564.0007398045594,560.0,T+00:09:20,parsed,s,560.0,560.0,raw,,missing,,,,,,missing,,,,,,missing,,,,,,missing,,,,
33926,566.0027539078709,561.0,T+00:09:21,parsed,s,561.0,561.0,raw,,missing,,,,,,missing,,,,,,missing,,,,,,missing,,,,
34046,568.0047680111824,564.0,T+00:09:24,parsed,s,564.0,564.0,raw,,missing,,,,,,missing,,,,,,missing,,,,,,missing,,,,
34166,570.0067821144938,565.0,T+00:09:25,parsed,s,565.0,565.0,raw,,missing,,,,,,missing,,,,,,missing,,,,,,missing,,,,
34285,571.9921127669443,568.0,T+00:09:28,parsed,s,568.0,568.0,raw,,missing,,,,,,missing,,,,,,missing,,,,,,missing,,,,
34405,573.9941268702557,570.0,T+00:09:30,parsed,s,570.0,570.0,raw,,missing,,,,,,missing,,,,,,missing,,,,,,missing,,,,
34525,575.9961409735672,572.0,T+00:09:32,parsed,s,572.0,572.0,raw,,missing,,,,,,missing,,,,,,missing,,,,,,missing,,,,
34645,577.9981550768787,573.0,T+00:09:33,parsed,s,573.0,573.0,raw,,missing,,,,,,missing,,,,,,missing,,,,,,missing,,,,
34765,580.0001691801901,576.0,T+00:09:36,parsed,s,576.0,576.0,raw,,missing,,,,,,missing,,,,,,missing,,,,,,missing,,,,
34885,582.0021832835016,577.0,T+00:09:37,parsed,s,577.0,577.0,raw,,missing,,,,,,missing,,,,,,missing,,,,,,missing,,,,
35005,584.0041973868131,579.0,T+00:09:39,parsed,s,579.0,579.0,raw,,missing,,,,,,missing,,,,,,missing,,,,,,missing,,,,
35125,586.0062114901245,581.0,T+00:09:41,parsed,s,581.0,581.0,raw,,missing,,,,,,missing,,,,,,missing,,,,,,missing,,,,
35245,588.008225593436,583.0,T+00:09:43,parsed,s,583.0,583.0,raw,,missing,,,,,,missing,,,,,,missing,,,,,,missing,,,,
35364,589.9935562458866,586.0,T+00:09:46,parsed,s,586.0,586.0,raw,,missing,,,,,,missing,,,,,,missing,,,,,,missing,,,,
35484,591.9955703491979,588.0,T+00:09:48,parsed,s,588.0,588.0,raw,,missing,,,,,,missing,,,,,,missing,,,,,,missing,,,,
35604,593.9975844525094,589.0,T+00:09:49,parsed,s,589.0,589.0,raw,,missing,,,,,,missing,,,,,,missing,,,,,,missing,,,,
35724,595.9995985558209,592.0,T+00:09:52,parsed,s,592.0,592.0,raw,,missing,,,,,,missing,,,,,,missing,,,,,,missing,,,,
35844,598.0016126591323,593.0,T+00:09:53,parsed,s,593.0,593.0,raw,,missing,,,,,,missing,,,,,,missing,,,,,,missing,,,,
35964,600.0036267624438,596.0,T+00:09:56,parsed,s,596.0,596.0,raw,,missing,,,,,,missing,,,,,,missing,,,,,,missing,,,,
36084,602.0056408657553,597.0,T+00:09:57,parsed,s,597.0,597.0,raw,,missing,,,,,,missing,,,,,,missing,,,,,,missing,,,,
36204,604.0076549690667,600.0,T+00:10:00,parsed,s,600.0,600.0,raw,,missing,,,,,,missing,,,,,,missing,,,,,,missing,,,,
36323,605.9929856215173,602.0,T+00:10:02,parsed,s,602.0,602.0,raw,,missing,,,,,,missing,,,,,,missing,,,,,,missing,,,,
36443,607.9949997248287,603.0,T+00:10:03,parsed,s,603.0,603.0,raw,,missing,,,,,,missing,,,,,,missing,,,,,,missing,,,,
36563,609.9970138281402,606.0,T+00:10:06,parsed,s,606.0,606.0,raw,,missing,,,,,,missing,,,,,,missing,,,,,,missing,,,,
36683,611.9990279314516,607.0,T+00:10:07,parsed,s,607.0,607.0,raw,,missing,,,,,,missing,,,,,,missing,,,,,,missing,,,,
36803,614.001042034763,609.0,T+00:10:09,parsed,s,609.0,609.0,raw,,missing,,,,,,missing,,,,,,missing,,,,,,missing,,,,
36923,616.0030561380745,611.0,+00:10:11,parsed,s,611.0,611.0,raw,,missing,,,,,,missing,,,,,,missing,,,,,,missing,,,,
37043,618.005070241386,614.0,T+00:10:14,parsed,s,614.0,614.0,raw,,missing,,,,,,missing,,,,,,missing,,,,,,missing,,,,
37163,620.0070843446974,616.0,T+00:10:16,parsed,s,616.0,616.0,raw,,missing,,,,,,missing,,,,,,missing,,,,,,missing,,,,
37282,621.992414997148,617.0,T+00:10:17,parsed,s,617.0,617.0,raw,,missing,,,,,,missing,,,,,,missing,,,,,,missing,,,,
37402,623.9944291004595,619.0,T+00:10:19,parsed,s,619.0,619.0,raw,,missing,,,,,,missing,,,,,,missing,,,,,,missing,,,,
37522,625.9964432037709,622.0,T+00:10:22,parsed,s,622.0,622.0,raw,,missing,,,,,,missing,,,,,,missing,,,,,,missing,,,,
37642,627.9984573070824,623.0,T+00:10:23,parsed,s,623.0,623.0,raw,,missing,,,,,,missing,,,,,,missing,,,,,,missing,,,,
37762,630.0004714103939,625.0,T+00:10:25,parsed,s,625.0,625.0,raw,,missing,,,,,,missing,,,,,,missing,,,,,,missing,,,,
37882,632.0024855137052,627.0,T+00:10:27,parsed,s,627.0,627.0,raw,,missing,,,,,,missing,,,,,,missing,,,,,,missing,,,,
38002,634.0044996170167,629.0,T+00:10:29,parsed,s,629.0,629.0,raw,,missing,,,,,,missing,,,,,,missing,,,,,,missing,,,,
38122,636.0065137203281,632.0,T+00:10:32,parsed,s,632.0,632.0,raw,,missing,,,,,,missing,,,,,,missing,,,,,,missing,,,,
38241,637.9918443727787,633.0,T+00:10:33,parsed,s,633.0,633.0,raw,,missing,,,,,,missing,,,,,,missing,,,,,,missing,,,,
38361,639.9938584760902,635.0,T+00:10:35,parsed,s,635.0,635.0,raw,,missing,,,,,,missing,,,,,,missing,,,,,,missing,,,,
38481,641.9958725794016,638.0,T+00:10:38,parsed,s,638.0,638.0,raw,,missing,,,,,,missing,,,,,,missing,,,,,,missing,,,,
38601,643.9978866827131,639.0,T+00:10:39,parsed,s,639.0,639.0,raw,,missing,,,,,,missing,,,,,,missing,,,,,,missing,,,,
38721,645.9999007860246,641.0,T+00:10:41,parsed,s,641.0,641.0,raw,,missing,,,,,,missing,,,,,,missing,,,,,,missing,,,,
38841,648.001914889336,643.0,T+00:10:43,parsed,s,643.0,643.0,raw,,missing,,,,,,missing,,,,,,missing,,,,,,missing,,,,
38961,650.0039289926475,646.0,T+00:10:46,parsed,s,646.0,646.0,raw,,missing,,,,,,missing,,,,,,missing,,,,,,missing,,,,
39081,652.0059430959589,648.0,T+00:10:48,parsed,s,648.0,648.0,raw,,missing,,,,,,missing,,,,,,missing,,,,,,missing,,,,
39201,654.0079571992703,650.0,T+00:10:50,parsed,s,650.0,650.0,raw,,missing,,,,,,missing,,,,,,missing,,,,,,missing,,,,
39320,655.9932878517209,651.0,T+00:10:51,parsed,s,651.0,651.0,raw,,missing,,,,,,missing,,,,,,missing,,,,,,missing,,,,
39440,657.9953019550323,653.0,T+00:10:53,parsed,s,653.0,653.0,raw,,missing,,,,,,missing,,,,,,missing,,,,,,missing,,,,
39560,659.9973160583438,655.0,T+00:10:55,parsed,s,655.0,655.0,raw,,missing,,,,,,missing,,,,,,missing,,,,,,missing,,,,
39680,661.9993301616553,658.0,T+00:10:58,parsed,s,658.0,658.0,raw,,missing,,,,,,missing,,,,,,missing,,,,,,missing,,,,
39800,664.0013442649667,660.0,T+00:11:00,parsed,s,660.0,660.0,raw,,missing,,,,,,missing,,,,,,missing,,,,,,missing,,,,
39920,666.0033583682782,662.0,T+00:11:02,parsed,s,662.0,662.0,raw,,missing,,,,,,missing,,,,,,missing,,,,,,missing,,,,
40040,668.0053724715897,664.0,T+00:11:04,parsed,s,664.0,664.0,raw,,missing,,,,,,missing,,,,,,missing,,,,,,missing,,,,
40160,670.0073865749011,666.0,T+00:11:06,parsed,s,666.0,666.0,raw,,missing,,,,,,missing,,,,,,missing,,,,,,missing,,,,
40279,671.9927172273516,668.0,T+00:11:08,parsed,s,668.0,668.0,raw,,missing,,,,,,missing,,,,,,missing,,,,,,missing,,,,
40399,673.9947313306631,670.0,T+00:11:10,parsed,s,670.0,670.0,raw,,missing,,,,,,missing,,,,,,missing,,,,,,missing,,,,
40519,675.9967454339745,671.0,T+00:11:11,parsed,s,671.0,671.0,raw,,missing,,,,,,missing,,,,,,missing,,,,,,missing,,,,
40639,677.998759537286,673.0,T+00:11:13,parsed,s,673.0,673.0,raw,,missing,,,,,,missing,,,,,,missing,,,,,,missing,,,,
40759,680.0007736405975,676.0,T+00:11:16,parsed,s,676.0,676.0,raw,,missing,,,,,,missing,,,,,,missing,,,,,,missing,,,,
40879,682.0027877439089,677.0,T+00:11:17,parsed,s,677.0,677.0,raw,,missing,,,,,,missing,,,,,,missing,,,,,,missing,,,,
40999,684.0048018472204,680.0,T+00:11:20,parsed,s,680.0,680.0,raw,,missing,,,,,,missing,,,,,,missing,,,,,,missing,,,,
41119,686.0068159505319,681.0,T+00:11:21,parsed,s,681.0,681.0,raw,,missing,,,,,,missing,,,,,,missing,,,,,,missing,,,,
41238,687.9921466029823,683.0,T+00:11:23,parsed,s,683.0,683.0,raw,,missing,,,,,,missing,,,,,,missing,,,,,,missing,,,,
41358,689.9941607062938,686.0,T+00:11:26,parsed,s,686.0,686.0,raw,,missing,,,,,,missing,,,,,,missing,,,,,,missing,,,,
41478,691.9961748096052,687.0,T+00:11:27,parsed,s,687.0,687.0,raw,,missing,,,,,,missing,,,,,,missing,,,,,,missing,,,,
41598,693.9981889129167,689.0,T+00:11:29,parsed,s,689.0,689.0,raw,,missing,,,,,,missing,,,,,,missing,,,,,,missing,,,,
41718,696.0002030162282,692.0,T+00:11:32,parsed,s,692.0,692.0,raw,,missing,,,,,,missing,,,,,,missing,,,,,,missing,,,,
41838,698.0022171195396,693.0,T+00:11:33,parsed,s,693.0,693.0,raw,,missing,,,,,,missing,,,,,,missing,,,,,,missing,,,,
41958,700.0042312228511,695.0,T+00:11:35,parsed,s,695.0,695.0,raw,"000,000 STAGE1 VELOCITY MPH",parsed,MPH,0.0,0.0,raw,"000,000 STAGE1 ALTITUDE",parsed,MI,0.0,0.0,raw,"013,413 STAGE2 VELOCITY MPH",parsed,MPH,13413.0,5996.1475199999995,raw,"000,112 STAGE2 ALTITUDE MI",parsed,MI,112.0,180246.528,raw
42078,702.0062453261626,698.0,T+00:11:38,parsed,s,698.0,698.0,raw,"STAGE1 000,000 VELOCITY MPH",parsed,MPH,0.0,0.0,raw,"STAGE1 000,000 ALTITUDE",parsed,MI,0.0,0.0,raw,"013,492 STAGE2 MPH VELOCITY",parsed,MPH,13492.0,6031.46368,raw,"000,111 STAGE2 MI ALTITUDE",parsed,MI,111.0,178637.184,rescue:col_x3
42198,704.008259429474,700.0,T+00:11:40,parsed,s,700.0,700.0,raw,"STAGE1 000,000 VELOCITY MPH",parsed,MPH,0.0,0.0,raw,"STAGE1 000,000 ALTITUDE",parsed,MI,0.0,0.0,raw,"STAGE2 013,561 MPH VELOCITY",parsed,MPH,13561.0,6062.30944,raw,"000,111 STAGE2 MI ALTITUDE",parsed,MI,111.0,178637.184,rescue:col_x3
42317,705.9935900819246,701.0,T+00:11:41,parsed,s,701.0,701.0,raw,"STAGE1 000,000 VELOCITY MPH",parsed,MPH,0.0,0.0,raw,"STAGE1 000,000 ALTITUDE",parsed,MI,0.0,0.0,raw,"STAGE2 013,624 VELOCITY MPH",parsed,MPH,13624.0,6090.47296,raw,"000,111 STAGE2 MI ALTITUDE",parsed,MI,111.0,178637.184,rescue:col_x3
42437,707.995604185236,703.0,T+00:11:43,parsed,s,703.0,703.0,raw,"STAGE1 000,000 MPH VELOCITY",parsed,MPH,0.0,0.0,raw,"000,000 STAGE1 ALTITUDE",parsed,MI,0.0,0.0,raw,"STAGE2 013,694 MPH VELOCITY",parsed,MPH,13694.0,6121.76576,raw,"000,110 STAGE2 ALTITUDE MI",parsed,MI,110.0,177027.84,raw
42557,709.9976182885474,705.0,T+00:11:45,parsed,s,705.0,705.0,raw,"STAGE1 000,000 MPH VELOCITY",parsed,MPH,0.0,0.0,raw,"000,000 STAGE1 ALTITUDE",parsed,MI,0.0,0.0,raw,"STAGE2 013,760 MPH VELOCITY",parsed,MPH,13760.0,6151.2704,raw,"000,110 STAGE2 ALTITUDE MI",parsed,MI,110.0,177027.84,raw
42677,711.9996323918589,708.0,T+00:11:48,parsed,s,708.0,708.0,raw,"STAGE1 000,000 VELOCITY MPH",parsed,MPH,0.0,0.0,raw,"STAGE1 000,000 ALTITUDE",parsed,MI,0.0,0.0,raw,"STAGE2 013,842 VELOCITY MPH",parsed,MPH,13842.0,6187.92768,raw,"000,110 STAGE2 ALTITUDE MI",parsed,MI,110.0,177027.84,raw
42797,714.0016464951703,710.0,T+00:11:50,parsed,s,710.0,710.0,raw,"STAGE1 000,000 VELOCITY MPH",parsed,MPH,0.0,0.0,raw,"STAGE1 000,000 ALTITUDE",parsed,MI,0.0,0.0,raw,"STAGE2 013,914 VELOCITY MPH",parsed,MPH,13914.0,6220.11456,raw,"000,109 STAGE2 MI ALTITUDE",parsed,MI,109.0,175418.496,rescue:col_x3
42917,716.0036605984818,711.0,T+00:11:51,parsed,s,711.0,711.0,raw,"STAGE1 000,000 VELOCITY MPH",parsed,MPH,0.0,0.0,raw,"STAGE1 000,000 ALTITUDE",parsed,MI,0.0,0.0,raw,"013,979 STAGE2 MPH YELDCITY",parsed,MPH,13979.0,6249.17216,rescue:adapt_b21,"000,109 STAGE2 MI ALTITUDE",parsed,MI,109.0,175418.496,rescue:col_x3
43037,718.0056747017933,713.0,T+00:11:53,parsed,s,713.0,713.0,raw,"STAGE1 000,000 VELOCITY MPH",parsed,MPH,0.0,0.0,raw,"000,000 STAGE1 ALTITUDE",parsed,MI,0.0,0.0,raw,"STAGE2 014,051 VELOCITY MPH",parsed,MPH,14051.0,6281.35904,raw,"000,109 STAGE2 MI ALTITUDE",parsed,MI,109.0,175418.496,rescue:col_x4
43157,720.0076888051047,716.0,T+00:11:56,parsed,s,716.0,716.0,raw,"STAGE1 000,000 MPH VELOCITY",parsed,MPH,0.0,0.0,raw,"000,000 STAGE1 ALTITUDE",parsed,MI,0.0,0.0,raw,"014,132 STAGE2 MPH VELOCITY",parsed,MPH,14132.0,6317.56928,raw,"000,109 STAGE2 MI ALTITUDE",parsed,MI,109.0,175418.496,rescue:gry_x3
43276,721.9930194575553,718.0,T+00:11:58,parsed,s,718.0,718.0,raw,"STAGE1 000,000 VELOCITY MPH",parsed,MPH,0.0,0.0,raw,"000,000 STAGE1 ALTITUDE",parsed,MI,0.0,0.0,raw,"STAGE2 014,205 VELOCITY MPH",parsed,MPH,14205.0,6350.2032,raw,"000,108 STAGE2 ALTITUDE MI",parsed,MI,108.0,173809.152,raw
43396,723.9950335608668,720.0,T+00:12:00,parsed,s,720.0,720.0,raw,"STAGE1 000,000 VELOCITY MPH",parsed,MPH,0.0,0.0,raw,"000,000 STAGE1 ALTITUDE",parsed,MI,0.0,0.0,raw,"STAGE2 014,280 VELOCITY MPH",parsed,MPH,14280.0,6383.7312,raw,"000,108 STAGE2 ALTITUDE MI",parsed,MI,108.0,173809.152,raw
43516,725.9970476641782,721.0,T+00:12:01,parsed,s,721.0,721.0,raw,"STAGE1 000,000 VELOCITY MPH",parsed,MPH,0.0,0.0,raw,"000,000 STAGE1 ALTITUDE",parsed,MI,0.0,0.0,raw,"014,348 STAGE2 VELOCITY MPH",parsed,MPH,14348.0,6414.12992,raw,"000,108 STAGE2 ALTITUDE MI",parsed,MI,108.0,173809.152,raw
43636,727.9990617674896,723.0,T+00:12:03,parsed,s,723.0,723.0,raw,"STAGE1 000,000 VELOCITY MPH",parsed,MPH,0.0,0.0,raw,"000,000 STAGE1 ALTITUDE",parsed,MI,0.0,0.0,raw,"STAGE2 014,393 VELOCITY MPH",parsed,MPH,14393.0,6434.24672,raw,"000,108 STAGE2 ALTITUDE MI",parsed,MI,108.0,173809.152,raw
43756,730.0010758708011,726.0,T+00:12:06,parsed,s,726.0,726.0,raw,"STAGE1 000,000 VELOCITY MPH",parsed,MPH,0.0,0.0,raw,"000,000 STAGE1 ALTITUDE",parsed,MI,0.0,0.0,raw,"STAGE2 014,489 MPH VELOCITY",parsed,MPH,14489.0,6477.16256,raw,"000,107 STAGE2 ALTITUDE MI",parsed,MI,107.0,172199.80800000002,raw
43876,732.0030899741125,728.0,T+00:12:08,parsed,s,728.0,728.0,raw,"STAGE1 000,000 VELOCITY MPH",parsed,MPH,0.0,0.0,raw,"STAGE1 000,000 ALTITUDE",parsed,MI,0.0,0.0,raw,"STAGE2 014,553 VELOCITY MPH",parsed,MPH,14553.0,6505.77312,raw,"000,107 STAGE2 ALTITUDE MI",parsed,MI,107.0,172199.80800000002,raw
43996,734.005104077424,729.0,T+00:12:09,parsed,s,729.0,729.0,raw,"STAGE1 000,000 VELOCITY MPH",parsed,MPH,0.0,0.0,raw,"STAGE1 000,000 ALTITUDE",parsed,MI,0.0,0.0,raw,"STAGE2 014,608 MPH VELOCITY",parsed,MPH,14608.0,6530.36032,raw,"000,107 STAGE2 ALTITUDE MI",parsed,MI,107.0,172199.80800000002,raw
44116,736.0071181807355,731.0,T+00:12:11,parsed,s,731.0,731.0,raw,"STAGE1 000,000 VELOCITY MPH",parsed,MPH,0.0,0.0,raw,"STAGE1 000,000 ALTITUDE",parsed,MI,0.0,0.0,raw,"014,711 STAGE2 VELOCITY MPH",parsed,MPH,14711.0,6576.4054399999995,raw,"000,107 STAGE2 ALTITUDE MI",parsed,MI,107.0,172199.80800000002,raw
44235,737.992448833186,734.0,T+00:12:14,parsed,s,734.0,734.0,raw,"STAGE1 000,000 VELOCITY MPH",parsed,MPH,0.0,0.0,raw,"000,000 STAGE1 ALTITUDE",parsed,MI,0.0,0.0,raw,"STAGE2 014,805 VELOCITY MPH",parsed,MPH,14805.0,6618.4272,raw,"000,107 STAGE2 ALTITUDE MI",parsed,MI,107.0,172199.80800000002,raw
44355,739.9944629364975,736.0,T+00:12:16,parsed,s,736.0,736.0,raw,"STAGE1 000,000 VELOCITY MPH",parsed,MPH,0.0,0.0,raw,"000,000 STAGE1 ALTITUDE",parsed,MI,0.0,0.0,raw,"STAGE2 014,857 VELOCITY MPH",parsed,MPH,14857.0,6641.67328,raw,"000,107 STAGE2 ALTITUDE MI",parsed,MI,107.0,172199.80800000002,raw
44475,741.996477039809,738.0,T+00:12:18,parsed,s,738.0,738.0,raw,"000,000 STAGE1 MPH VELOCITY",parsed,MPH,0.0,0.0,raw,"STAGE1 000,000 ALTITUDE",parsed,MI,0.0,0.0,raw,"STAGE2 014,929 VELOCITY MPH",parsed,MPH,14929.0,6673.86016,raw,"000,107 STAGE2 ALTITUDE MI",parsed,MI,107.0,172199.80800000002,raw
44595,743.9984911431204,740.0,T+00:12:20,parsed,s,740.0,740.0,raw,"000,000 STAGE1 MPH VELOCITY",parsed,MPH,0.0,0.0,raw,"STAGE1 000,000 ALTITUDE",parsed,MI,0.0,0.0,raw,"015,025 STAGE2 MPH VELOCITY",parsed,MPH,15025.0,6716.776,raw,"000,106 STAGE2 ALTITUDE MI",parsed,MI,106.0,170590.464,raw
44715,746.0005052464319,742.0,T+00:12:22,parsed,s,742.0,742.0,raw,"000,000 STAGE1 MPH VELOCITY",parsed,MPH,0.0,0.0,raw,"STAGE1 000,000 ALTITUDE",parsed,MI,0.0,0.0,raw,"015,118 STAGE2 MPH VELOCITY",parsed,MPH,15118.0,6758.3507199999995,raw,"000,106 STAGE2 ALTITUDE MI",parsed,MI,106.0,170590.464,raw
44835,748.0025193497432,743.0,T+00:12:23,parsed,s,743.0,743.0,raw,"000,000 STAGE1 VELOCITY MPH",parsed,MPH,0.0,0.0,raw,"000,000 STAGE1 ALTITUDE",parsed,MI,0.0,0.0,raw,"STAGE2 015,186 MPH VELOCITY",parsed,MPH,15186.0,6788.74944,raw,"000,105 STAGE2 ALTITUDE MI",parsed,MI,105.0,168981.12,raw
44955,750.0045334530547,745.0,T+00:12:25,parsed,s,745.0,745.0,raw,"000,000 STAGE1 VELOCITY MPH",parsed,MPH,0.0,0.0,raw,"000,000 STAGE1 ALTITUDE",parsed,MI,0.0,0.0,raw,"STAGE2 015,270 MPH VELOCITY",parsed,MPH,15270.0,6826.3008,raw,"000,105 STAGE2 ALTITUDE MI",parsed,MI,105.0,168981.12,raw
45075,752.0065475563662,747.0,T+00:12:27,parsed,s,747.0,747.0,raw,"STAGE1 000,000 VELOCITY MPH",parsed,MPH,0.0,0.0,raw,"STAGE1 000,000 ALTITUDE",parsed,MI,0.0,0.0,raw,"STAGE2 015,355 VELOCITY MPH",parsed,MPH,15355.0,6864.2991999999995,raw,"000,105 STAGE2 ALTITUDE MI",parsed,MI,105.0,168981.12,raw
45194,753.9918782088167,750.0,T+00:12:30,parsed,s,750.0,750.0,raw,"STAGE1 000,000 VELOCITY MPH",parsed,MPH,0.0,0.0,raw,"STAGE1 000,000 ALTITUDE",parsed,MI,0.0,0.0,raw,"015,440 STAGE2 VELOCITY MPH",parsed,MPH,15440.0,6902.2976,raw,"000,104 STAGE2 ALTITUDE MI",parsed,MI,104.0,167371.776,raw
45314,755.9938923121282,752.0,T+00:12:32,parsed,s,752.0,752.0,raw,"STAGE1 000,000 VELOCITY MPH",parsed,MPH,0.0,0.0,raw,"STAGE1 000,000 ALTITUDE",parsed,MI,0.0,0.0,raw,"STAGE2 015,522 MPH VELOCITY",parsed,MPH,15522.0,6938.95488,raw,"000,104 STAGE2 ALTITUDE MI",parsed,MI,104.0,167371.776,raw
45434,757.9959064154397,754.0,T+00:12:34,parsed,s,754.0,754.0,raw,"000,000 STAGE1 MPH VELOCITY",parsed,MPH,0.0,0.0,raw,"STAGE1 000,000 ALTITUDE FI",parsed,FT,0.0,0.0,raw,"STAGE2 015,614 MPH VELOCITY",parsed,MPH,15614.0,6980.08256,raw,"000,104 STAGE2 ALTITUDE MI",parsed,MI,104.0,167371.776,raw
45554,759.9979205187511,756.0,T+00:12:36,parsed,s,756.0,756.0,raw,"000,000 STAGE1 MPH VELOCITY",parsed,MPH,0.0,0.0,raw,"STAGE1 000,000 ALTITUDE FI",parsed,FT,0.0,0.0,raw,"STAGE2 015,691 MPH VELOCITY",parsed,MPH,15691.0,7014.50464,raw,"000,104 STAGE2 ALTITUDE MI",parsed,MI,104.0,167371.776,raw
45674,761.9999346220626,758.0,T+00:12:38,parsed,s,758.0,758.0,raw,"STAGE1 000,000 VELOCITY MPH",parsed,MPH,0.0,0.0,raw,"STAGE1 000,000 ALTITUDE",parsed,MI,0.0,0.0,raw,"STAGE2 015,785 MPH VELOCITY",parsed,MPH,15785.0,7056.5264,raw,"000,104 STAGE2 ALTITUDE MI",parsed,MI,104.0,167371.776,raw
45794,764.0019487253741,760.0,T+00:12:40,parsed,s,760.0,760.0,raw,"STAGE1 000,000 VELOCITY MPH",parsed,MPH,0.0,0.0,raw,"STAGE1 000,000 ALTITUDE",parsed,MI,0.0,0.0,raw,"STAGE2 015,884 MPH VELOCITY",parsed,MPH,15884.0,7100.783359999999,raw,"000,104 STAGE2 ALTITUDE MI",parsed,MI,104.0,167371.776,raw
45914,766.0039628286855,762.0,T+00:12:42,parsed,s,762.0,762.0,raw,"000,000 STAGE1 VELOCITY MPH",parsed,MPH,0.0,0.0,raw,"STAGE1 000,000 ALTITUDE",parsed,MI,0.0,0.0,raw,"STAGE2 015,953 MPH VELOCITY",parsed,MPH,15953.0,7131.62912,raw,"000,103 STAGE2 ALTITUDE MI",parsed,MI,103.0,165762.432,raw
46034,768.0059769319969,764.0,T+00:12:44,parsed,s,764.0,764.0,raw,"STAGE1 000,000 VELOCITY MPH",parsed,MPH,0.0,0.0,raw,"000,000 STAGE1 ALTITUDE",parsed,MI,0.0,0.0,raw,"016,049 STAGE2 MPH VELOCITY",parsed,MPH,16049.0,7174.54496,raw,"000,103 STAGE2 ALTITUDE MI",parsed,MI,103.0,165762.432,raw
46154,770.0079910353084,765.0,T+00:12:45,parsed,s,765.0,765.0,raw,"STAGE1 000,000 VELOCITY MPH",parsed,MPH,0.0,0.0,raw,"000,000 STAGE1 ALTITUDE",parsed,MI,0.0,0.0,raw,"016,109 STAGE2 MPH VELOCITY",parsed,MPH,16109.0,7201.36736,raw,"000,103 STAGE2 ALTITUDE MI",parsed,MI,103.0,165762.432,raw
46273,771.9933216877589,768.0,T+00:12:48,parsed,s,768.0,768.0,raw,"STAGE1 000,000 MPH VELOCITY",parsed,MPH,0.0,0.0,raw,"STAGE1 000,000 ALTITUDE",parsed,MI,0.0,0.0,raw,"016,244 STAGE2 VELOCITY MPH",parsed,MPH,16244.0,7261.71776,raw,"000,103 STAGE2 ALTITUDE MI",parsed,MI,103.0,165762.432,raw
46393,773.9953357910704,770.0,T+00:12:50,parsed,s,770.0,770.0,raw,"STAGE1 000,000 VELOCITY MPH",parsed,MPH,0.0,0.0,raw,"STAGE1 000,000 ALTITUDE",parsed,MI,0.0,0.0,raw,"016,327 STAGE2 VELOCITY MPH",parsed,MPH,16327.0,7298.82208,raw,"000,103 STAGE2 ALTITUDE MI",parsed,MI,103.0,165762.432,raw
46513,775.9973498943818,772.0,T+00:12:52,parsed,s,772.0,772.0,raw,"STAGE1 000,000 VELOCITY MPH",parsed,MPH,0.0,0.0,raw,"STAGE1 000,000 ALTITUDE",parsed,MI,0.0,0.0,raw,"016,415 STAGE2 VELOCITY MPH",parsed,MPH,16415.0,7338.161599999999,raw,"000,103 STAGE2 ALTITUDE MI",parsed,MI,103.0,165762.432,raw
46633,777.9993639976933,773.0,T+00:12:53,parsed,s,773.0,773.0,raw,"STAGE1 000,000 MPH VELOCITY",parsed,MPH,0.0,0.0,raw,"000,000 STAGE1 ALTITUDE",parsed,MI,0.0,0.0,raw,"STAGE2 016,499 MPH VELOCITY",parsed,MPH,16499.0,7375.71296,raw,"000,103 STAGE2 ALTITUDE MI",parsed,MI,103.0,165762.432,raw
46753,780.0013781010048,776.0,T+00:12:56,parsed,s,776.0,776.0,raw,"000,000 STAGE1 MPH VELOCITY",parsed,MPH,0.0,0.0,raw,"STAGE1 000,000 ALTITUDE",parsed,MI,0.0,0.0,raw,"STAGE2 016,600 MPH VELOCITY",parsed,MPH,16600.0,7420.864,raw,"000,102 STAGE2 ALTITUDE MI",parsed,MI,102.0,164153.08800000002,raw
46873,782.0033922043162,778.0,T+00:12:58,parsed,s,778.0,778.0,raw,"STAGE1 000,000 MPH VELOCITY",parsed,MPH,0.0,0.0,raw,"000,000 STAGE1 ALTITUDE",parsed,MI,0.0,0.0,raw,"STAGE2 016,702 MPH VELOCITY",parsed,MPH,16702.0,7466.46208,raw,"000,102 STAGE2 ALTITUDE MI",parsed,MI,102.0,164153.08800000002,raw
46993,784.0054063076277,780.0,T+00:13:00,parsed,s,780.0,780.0,raw,"STAGE1 000,000 MPH VELOCITY",parsed,MPH,0.0,0.0,raw,"000,000 STAGE1 ALTITUDE",parsed,MI,0.0,0.0,raw,"STAGE2 016,788 MPH VELOCITY",parsed,MPH,16788.0,7504.90752,raw,"000,102 STAGE2 ALTITUDE MI",parsed,MI,102.0,164153.08800000002,raw
47113,786.0074204109392,782.0,T+00:13:02,parsed,s,782.0,782.0,raw,"STAGE1 000,000 MPH VELOCITY",parsed,MPH,0.0,0.0,raw,"STAGE1 000,000 ALTITUDE",parsed,MI,0.0,0.0,raw,"STAGE2 016,849 MPH VELOCITY",parsed,MPH,16849.0,7532.17696,raw,"000,102 STAGE2 ALTITUDE MI",parsed,MI,102.0,164153.08800000002,raw
47232,787.9927510633896,784.0,T+00:13:04,parsed,s,784.0,784.0,raw,"000,000 STAGE1 MPH VELOCITY",parsed,MPH,0.0,0.0,raw,"STAGE1 000,000 ALTITUDE",parsed,MI,0.0,0.0,raw,"STAGE2 016,855 MPH VELOCITY",parsed,MPH,16855.0,7534.8592,raw,"000,102 STAGE2 ALTITUDE MI",parsed,MI,102.0,164153.08800000002,raw
47352,789.9947651667011,786.0,T+00:13:06,parsed,s,786.0,786.0,raw,"STAGE1 000,000 MPH VELOCITY",parsed,MPH,0.0,0.0,raw,"STAGE1 000,000 ALTITUDE",parsed,MI,0.0,0.0,raw,"STAGE2 016,856 MPH VELOCITY",parsed,MPH,16856.0,7535.30624,raw,"000,102 STAGE2 ALTITUDE MI",parsed,MI,102.0,164153.08800000002,raw
47472,791.9967792700126,788.0,T+00:13:08,parsed,s,788.0,788.0,raw,"STAGE1 000,000 MPH VELOCITY",parsed,MPH,0.0,0.0,raw,"STAGE1 000,000 ALTITUDE",parsed,MI,0.0,0.0,raw,"STAGE2 016,856 MPH VELOCITY",parsed,MPH,16856.0,7535.30624,raw,"000,102 STAGE2 ALTITUDE MI",parsed,MI,102.0,164153.08800000002,raw
47592,793.998793373324,789.0,T+00:13:09,parsed,s,789.0,789.0,raw,"STAGE1 000,000 VELOCITY MPH",parsed,MPH,0.0,0.0,raw,"STAGE1 000,000 ALTITUDE",parsed,MI,0.0,0.0,raw,"016,856 STAGE2 MPH VELOCITY",parsed,MPH,16856.0,7535.30624,raw,"000,102 STAGE2 ALTITUDE MI",parsed,MI,102.0,164153.08800000002,raw
47712,796.0008074766355,792.0,T+00:13:12,parsed,s,792.0,792.0,raw,"STAGE1 000,000 VELOCITY MPH",parsed,MPH,0.0,0.0,raw,"STAGE1 000,000 ALTITUDE",parsed,MI,0.0,0.0,raw,"016,856 STAGE2 MPH VELOCITY",parsed,MPH,16856.0,7535.30624,raw,"000,102 STAGE2 MI ALTITUDE",parsed,MI,102.0,164153.08800000002,raw
47832,798.002821579947,794.0,T+00:13:14,parsed,s,794.0,794.0,raw,"STAGE1 000,000 MPH VELOCITY",parsed,MPH,0.0,0.0,raw,"000,000 STAGE1 ALTITUDE",parsed,MI,0.0,0.0,raw,"STAGE2 016,856 MPH VELOCITY",parsed,MPH,16856.0,7535.30624,raw,"000,102 STAGE2 ALTITUDE MI",parsed,MI,102.0,164153.08800000002,raw
47952,800.0048356832584,795.0,T+00:13:15,parsed,s,795.0,795.0,raw,"STAGE1 000,000 MPH VELOCITY",parsed,MPH,0.0,0.0,raw,"000,000 STAGE1 ALTITUDE",parsed,MI,0.0,0.0,raw,"STAGE2 016,856 MPH VELOCITY",parsed,MPH,16856.0,7535.30624,raw,"000,102 STAGE2 ALTITUDE MI",parsed,MI,102.0,164153.08800000002,raw
48072,802.0068497865699,797.0,T+00:13:17,parsed,s,797.0,797.0,raw,"STAGE1 000,000 MPH VELOCITY",parsed,MPH,0.0,0.0,raw,"STAGE1 000,000 ALTITUDE",parsed,MI,0.0,0.0,raw,"016,857 STAGE2 VELOCITY MPH",parsed,MPH,16857.0,7535.75328,raw,"000,102 STAGE2 ALTITUDE MI",parsed,MI,102.0,164153.08800000002,raw
48191,803.9921804390203,799.0,T+00:13:19,parsed,s,799.0,799.0,raw,"STAGE1 000,000 MPH VELOCITY",parsed,MPH,0.0,0.0,raw,"STAGE1 000,000 ALTITUDE",parsed,MI,0.0,0.0,raw,"016,857 STAGE2 MPH VELOCITY",parsed,MPH,16857.0,7535.75328,raw,"000,102 STAGE2 ALTITUDE MI",parsed,MI,102.0,164153.08800000002,raw
48311,805.9941945423318,801.0,T+00:13:21,parsed,s,801.0,801.0,raw,"STAGE1 000,000 MPH VELOCITY",parsed,MPH,0.0,0.0,raw,"STAGE1 000,000 ALTITUDE",parsed,MI,0.0,0.0,raw,"016,858 STAGE2 MPH VELOCITY",parsed,MPH,16858.0,7536.20032,raw,"000,102 STAGE2 ALTITUDE MI",parsed,MI,102.0,164153.08800000002,raw
48431,807.9962086456433,803.0,T+00:13:23,parsed,s,803.0,803.0,raw,"STAGE1 000,000 VELOCITY MPH",parsed,MPH,0.0,0.0,raw,"STAGE1 000,000 ALTITUDE",parsed,MI,0.0,0.0,raw,"STAGE2 016,858 MPH VELOCITY",parsed,MPH,16858.0,7536.20032,raw,"000,102 STAGE2 ALTITUDE MI",parsed,MI,102.0,164153.08800000002,raw
48551,809.9982227489547,805.0,T+00:13:25,parsed,s,805.0,805.0,raw,"STAGE1 000,000 VELOCITY MPH",parsed,MPH,0.0,0.0,raw,"STAGE1 000,000 ALTITUDE",parsed,MI,0.0,0.0,raw,"016,859 STAGE2 VELOCITY MPH",parsed,MPH,16859.0,7536.64736,raw,"000,101 STAGE2 ALTITUDE MI",parsed,MI,101.0,162543.744,raw
48671,812.0002368522662,808.0,T+00:13:28,parsed,s,808.0,808.0,raw,"000,000 STAGE1 VELOCITY MPH",parsed,MPH,0.0,0.0,raw,"STAGE1 000,000 ALTITUDE",parsed,MI,0.0,0.0,raw,"STAGE2 016,859 VELOCITY MPH",parsed,MPH,16859.0,7536.64736,raw,"000,101 STAGE2 ALTITUDE MI",parsed,MI,101.0,162543.744,raw
48791,814.0022509555777,810.0,T+00:13:30,parsed,s,810.0,810.0,raw,"000,000 STAGE1 VELOCITY MPH",parsed,MPH,0.0,0.0,raw,"STAGE1 000,000 ALTITUDE",parsed,MI,0.0,0.0,raw,"STAGE2 016,859 VELOCITY MPH",parsed,MPH,16859.0,7536.64736,raw,"000,101 STAGE2 ALTITUDE MI",parsed,MI,101.0,162543.744,raw
48911,816.0042650588891,812.0,T+00:13:32,parsed,s,812.0,812.0,raw,"STAGE1 000,000 VELOCITY MPH",parsed,MPH,0.0,0.0,raw,"STAGE1 000,000 ALTITUDE",parsed,MI,0.0,0.0,raw,"016,859 STAGE2 VELOCITY MPH",parsed,MPH,16859.0,7536.64736,raw,"000,101 STAGE2 ALTITUDE MI",parsed,MI,101.0,162543.744,raw
49031,818.0062791622006,814.0,T+00:13:34,parsed,s,814.0,814.0,raw,"STAGE1 000,000 VELOCITY MPH",parsed,MPH,0.0,0.0,raw,"STAGE1 000,000 ALTITUDE",parsed,MI,0.0,0.0,raw,"016,859 STAGE2 MPH VELOCITY",parsed,MPH,16859.0,7536.64736,raw,"000,101 STAGE2 ALTITUDE MI",parsed,MI,101.0,162543.744,raw
49151,820.0082932655121,816.0,T+00:13:36,parsed,s,816.0,816.0,raw,"STAGE1 000,000 VELOCITY MPH",parsed,MPH,0.0,0.0,raw,"000,000 STAGE1 ALTITUDE",parsed,MI,0.0,0.0,raw,"016,858 STAGE2 MPH VELOCITY",parsed,MPH,16858.0,7536.20032,raw,"000,101 STAGE2 ALTITUDE MI",parsed,MI,101.0,162543.744,raw
49270,821.9936239179626,817.0,T+00:13:37,parsed,s,817.0,817.0,raw,"STAGE1 000,000 VELOCITY MPH",parsed,MPH,0.0,0.0,raw,"STAGE1 000,000 ALTITUDE",parsed,MI,0.0,0.0,raw,"016,859 STAGE2 MPH VELOCITY",parsed,MPH,16859.0,7536.64736,raw,"STAGE2 000,101 ALTITUDE MI",parsed,MI,101.0,162543.744,raw
49390,823.9956380212741,819.0,T+00:13:39,parsed,s,819.0,819.0,raw,"STAGE1 000,000 VELOCITY MPH",parsed,MPH,0.0,0.0,raw,"000,000 STAGE1 ALTITUDE",parsed,MI,0.0,0.0,raw,"016,859 STAGE2 VELOCITY MPH",parsed,MPH,16859.0,7536.64736,raw,"000,101 STAGE2 ALTITUDE MI",parsed,MI,101.0,162543.744,raw
49510,825.9976521245854,821.0,T+00:13:41,parsed,s,821.0,821.0,raw,"STAGE1 000,000 VELOCITY MPH",parsed,MPH,0.0,0.0,raw,"STAGE1 000,000 ALTITUDE",parsed,MI,0.0,0.0,raw,"016,859 STAGE2 VELOCITY MPH",parsed,MPH,16859.0,7536.64736,raw,"000,101 STAGE2 ALTITUDE MI",parsed,MI,101.0,162543.744,raw
49630,827.9996662278969,823.0,T+00:13:43,parsed,s,823.0,823.0,raw,"000,000 STAGE1 VELOCITY MPH",parsed,MPH,0.0,0.0,raw,"STAGE1 000,000 ALTITUDE",parsed,MI,0.0,0.0,raw,"STAGE2 016,860 MPH VELOCITY",parsed,MPH,16860.0,7537.0944,raw,"000,101 STAGE2 ALTITUDE MI",parsed,MI,101.0,162543.744,raw
49750,830.0016803312084,826.0,T+00:13:46,parsed,s,826.0,826.0,raw,"000,000 STAGE1 VELOCITY MPH",parsed,MPH,0.0,0.0,raw,"STAGE1 000,000 ALTITUDE",parsed,MI,0.0,0.0,raw,"STAGE2 016,860 MPH VELOCITY",parsed,MPH,16860.0,7537.0944,raw,"000,101 STAGE2 ALTITUDE MI",parsed,MI,101.0,162543.744,raw
49870,832.0036944345198,827.0,T+00:13:47,parsed,s,827.0,827.0,raw,"000,000 STAGE1 VELOCITY MPH",parsed,MPH,0.0,0.0,raw,"000,000 STAGE1 ALTITUDE",parsed,MI,0.0,0.0,raw,"016,861 STAGE2 VELOCITY MPH",parsed,MPH,16861.0,7537.54144,raw,"000,101 STAGE2 ALTITUDE MI",parsed,MI,101.0,162543.744,raw
49990,834.0057085378313,830.0,T+00:13:50,parsed,s,830.0,830.0,raw,"000,000 STAGE1 VELOCITY MPH",parsed,MPH,0.0,0.0,raw,"000,000 STAGE1 ALTITUDE",parsed,MI,0.0,0.0,raw,"016,861 STAGE2 MPH VELOCITY",parsed,MPH,16861.0,7537.54144,raw,"000,101 STAGE2 ALTITUDE MI",parsed,MI,101.0,162543.744,raw
50110,836.0077226411428,832.0,T+00:13:52,parsed,s,832.0,832.0,raw,"000,000 STAGE1 VELOCITY MPH",parsed,MPH,0.0,0.0,raw,"STAGE1 000,000 ALTITUDE",parsed,MI,0.0,0.0,raw,"016,861 STAGE2 MPH VELOCITY",parsed,MPH,16861.0,7537.54144,raw,"000,101 STAGE2 ALTITUDE MI",parsed,MI,101.0,162543.744,raw
50229,837.9930532935933,833.0,T+00:13:53,parsed,s,833.0,833.0,raw,"STAGE1 000,000 VELOCITY MPH",parsed,MPH,0.0,0.0,raw,"STAGE1 000,000 ALTITUDE",parsed,MI,0.0,0.0,raw,"STAGE2 016,861 MPH VELOCITY",parsed,MPH,16861.0,7537.54144,raw,"000,101 STAGE2 ALTITUDE MI",parsed,MI,101.0,162543.744,raw
50349,839.9950673969048,836.0,T+00:13:56,parsed,s,836.0,836.0,raw,"STAGE1 000,000 VELOCITY MPH",parsed,MPH,0.0,0.0,raw,"STAGE1 000,000 ALTITUDE",parsed,MI,0.0,0.0,raw,"STAGE2 016,861 MPH VELOCITY",parsed,MPH,16861.0,7537.54144,raw,"000,101 STAGE2 ALTITUDE MI",parsed,MI,101.0,162543.744,raw
50469,841.9970815002163,838.0,T+00:13:58,parsed,s,838.0,838.0,raw,"000,000 STAGE1 VELOCITY MPH",parsed,MPH,0.0,0.0,raw,"STAGE1 000,000 ALTITUDE",parsed,MI,0.0,0.0,raw,"STAGE2 016,861 MPH VELOCITY",parsed,MPH,16861.0,7537.54144,raw,"000,101 STAGE2 ALTITUDE MI",parsed,MI,101.0,162543.744,raw
50589,843.9990956035277,840.0,T+00:14:00,parsed,s,840.0,840.0,raw,"000,000 STAGE1 VELOCITY MPH",parsed,MPH,0.0,0.0,raw,"STAGE1 000,000 ALTITUDE",parsed,MI,0.0,0.0,raw,"STAGE2 016,861 MPH VELOCITY",parsed,MPH,16861.0,7537.54144,raw,"000,101 STAGE2 ALTITUDE MI",parsed,MI,101.0,162543.744,raw
50709,846.0011097068391,841.0,T+00:14:01,parsed,s,841.0,841.0,raw,"000,000 STAGE1 VELOCITY MPH",parsed,MPH,0.0,0.0,raw,"STAGE1 000,000 ALTITUDE",parsed,MI,0.0,0.0,raw,"STAGE2 016,861 MPH VELOCITY",parsed,MPH,16861.0,7537.54144,raw,"000,101 STAGE2 ALTITUDE MI",parsed,MI,101.0,162543.744,raw
50829,848.0031238101506,843.0,T+00:14:03,parsed,s,843.0,843.0,raw,"STAGE1 000,000 VELOCITY MPH",parsed,MPH,0.0,0.0,raw,"000,000 STAGE1 ALTITUDE",parsed,MI,0.0,0.0,raw,"STAGE2 016,861 MPH VELOCITY",parsed,MPH,16861.0,7537.54144,raw,"000,101 STAGE2 ALTITUDE MI",parsed,MI,101.0,162543.744,raw
50949,850.005137913462,845.0,T+00:14:05,parsed,s,845.0,845.0,raw,"STAGE1 000,000 VELOCITY MPH",parsed,MPH,0.0,0.0,raw,"STAGE1 000,000 ALTITUDE",parsed,MI,0.0,0.0,raw,"STAGE2 016,862 MPH VELOCITY",parsed,MPH,16862.0,7537.98848,raw,"000,101 STAGE2 ALTITUDE MI",parsed,MI,101.0,162543.744,raw
51069,852.0071520167735,847.0,T+00:14:07,parsed,s,847.0,847.0,raw,"STAGE1 000,000 MPH VELOCITY",parsed,MPH,0.0,0.0,raw,"STAGE1 000,000 ALTITUDE FT",parsed,FT,0.0,0.0,raw,"STAGE2 016,863 VELOCITY MPH",parsed,MPH,16863.0,7538.43552,raw,"000,101 STAGE2 ALTITUDE MI",parsed,MI,101.0,162543.744,raw
51188,853.992482669224,849.0,T+00:14:09,parsed,s,849.0,849.0,raw,"000,000 STAGE1 MPH VELOCITY",parsed,MPH,0.0,0.0,raw,"STAGE1 000,000 ALTITUDE",parsed,MI,0.0,0.0,raw,"016,863 STAGE2 MPH VELOCITY",parsed,MPH,16863.0,7538.43552,raw,"000,100 STAGE2 ALTITUDE MI",parsed,MI,100.0,160934.4,raw
51308,855.9944967725355,852.0,T+00:14:12,parsed,s,852.0,852.0,raw,"STAGE1 000,000 VELOCITY MPH",parsed,MPH,0.0,0.0,raw,"STAGE1 000,000 ALTITUDE",parsed,MI,0.0,0.0,raw,"STAGE2 016,863 MPH VELOCITY",parsed,MPH,16863.0,7538.43552,raw,"000,100 STAGE2 ALTITUDE MI",parsed,MI,100.0,160934.4,raw
51428,857.996510875847,854.0,T+00:14:14,parsed,s,854.0,854.0,raw,"STAGET 000,000 VELOCITY MPH",parsed,MPH,0.0,0.0,raw,"STAGET 000,000 ALTITUDE",parsed,MI,0.0,0.0,raw,"STAGE2 016,863 MPH VELOCITY",parsed,MPH,16863.0,7538.43552,raw,"000,100 STAGE2 ALTITUDE MI",parsed,MI,100.0,160934.4,raw
51548,859.9985249791584,856.0,T+00:14:16,parsed,s,856.0,856.0,raw,STAGET 000.000 VELOCITY MPH,parsed,MPH,0.0,0.0,raw,"STAGET 000,000 ALTITUDE",parsed,MI,0.0,0.0,raw,"STAGE2 016,863 MPH VELOCITY",parsed,MPH,16863.0,7538.43552,raw,"000,100 STAGE2 ALTITUDE MI",parsed,MI,100.0,160934.4,raw
51668,862.0005390824699,858.0,T+00:14:18,parsed,s,858.0,858.0,raw,"STAGE1 000,000 VELOCITY MPH",parsed,MPH,0.0,0.0,raw,"000,000 STAGE1 ALTITUDE",parsed,MI,0.0,0.0,raw,"STAGE2 016,863 MPH VELOCITY",parsed,MPH,16863.0,7538.43552,raw,"000,100 STAGE2 ALTITUDE MI",parsed,MI,100.0,160934.4,raw
51788,864.0025531857814,859.0,T+00:14:19,parsed,s,859.0,859.0,raw,"STAGE1 000,000 VELOCITY MPH",parsed,MPH,0.0,0.0,raw,"STAGE1 000,000 ALTITUDE",parsed,MI,0.0,0.0,raw,"STAGE2 016,863 MPH VELOCITY",parsed,MPH,16863.0,7538.43552,raw,"000,100 STAGE2 ALTITUDE MI",parsed,MI,100.0,160934.4,raw
51908,866.0045672890927,862.0,T+00:14:22,parsed,s,862.0,862.0,raw,"STAGE1 000,000 VELOCITY MPH",parsed,MPH,0.0,0.0,raw,"STAGE1 000,000 ALTITUDE",parsed,MI,0.0,0.0,raw,"STAGE2 016,863 MPH VELOCITY",parsed,MPH,16863.0,7538.43552,raw,"000,100 STAGE2 ALTITUDE MI",parsed,MI,100.0,160934.4,raw
52028,868.0065813924042,864.0,T+00:14:24,parsed,s,864.0,864.0,raw,"STAGE1 000,000 VELOCITY MPH",parsed,MPH,0.0,0.0,raw,"STAGE1 000,000 ALTITUDE",parsed,MI,0.0,0.0,raw,"016,863 STAGE2 VELOCITY MPH",parsed,MPH,16863.0,7538.43552,raw,"000,100 STAGE2 ALTITUDE MI",parsed,MI,100.0,160934.4,raw
52147,869.9919120448548,865.0,T+00:14:25,parsed,s,865.0,865.0,raw,"STAGE1 000,000 VELOCITY MPH",parsed,MPH,0.0,0.0,raw,"STAGE1 000,000 ALTITUDE",parsed,MI,0.0,0.0,raw,"016,863 STAGE2 VELOCITY MPH",parsed,MPH,16863.0,7538.43552,raw,"000,100 STAGE2 ALTITUDE MI",parsed,MI,100.0,160934.4,raw
52267,871.9939261481662,868.0,T+00:14:28,parsed,s,868.0,868.0,raw,"STAGE1 000,000 VELOCITY MPH",parsed,MPH,0.0,0.0,raw,"STAGE1 000,000 ALTITUDE",parsed,MI,0.0,0.0,raw,"016,864 STAGE2 MPH VELOCITY",parsed,MPH,16864.0,7538.88256,raw,"000,100 STAGE2 ALTITUDE MI",parsed,MI,100.0,160934.4,raw
52387,873.9959402514777,869.0,T+00:14:29,parsed,s,869.0,869.0,raw,,missing,,,,,,missing,,,,,,missing,,,,,,missing,,,,
52507,875.9979543547892,872.0,T+00:14:32,parsed,s,872.0,872.0,raw,,missing,,,,,,missing,,,,,,missing,,,,,,missing,,,,
52627,877.9999684581006,874.0,T+00:14:34,parsed,s,874.0,874.0,raw,,missing,,,,,,missing,,,,,,missing,,,,,,missing,,,,
52747,880.0019825614121,876.0,T+00:14:36,parsed,s,876.0,876.0,raw,,missing,,,,,,missing,,,,,,missing,,,,,,missing,,,,
52867,882.0039966647236,878.0,T+00:14:38,parsed,s,878.0,878.0,raw,,missing,,,,,,missing,,,,,,missing,,,,,,missing,,,,
52987,884.006010768035,880.0,T+00:14:40,parsed,s,880.0,880.0,raw,,missing,,,,,,missing,,,,,,missing,,,,,,missing,,,,
